afr-deu	Afrikaans	German	1583	7816	7355	4	33	27	5216915	70222855	66133345	
afr-eng	Afrikaans	English	1374	8813	8101	1054	6720	6205	43952952	458369625	456739314	
afr-epo	Afrikaans	Esperanto	1123	7185	6173	1	5	3	115636	1184291	1043851	
afr-nld	Afrikaans	Dutch	1076	5831	5698				3814878	55640821	55111999	
afr-rus	Afrikaans	Russian	229	1139	941				1565824	26922595	21728639	
afr-spa	Afrikaans	Spanish	452	2571	2303				1789277	30728705	31299598	
ain-fin	Ainu (Japan)	Finnish	307	1515	1386						
ara-ber	Arabic	Berber languages	2498	11078	11927	1058	4733	5142	4	20	9	
ara-deu	Arabic	German	1209	5388	6880	1057	4689	6009	36446485	417434436	440733298	
ara-ell	Arabic	Modern Greek (1453-)	428	1367	1560				27300022	216748875	241187791	
ara-eng	Arabic	English	13290	64539	78341	19529	99143	123382	119177436	1750854241	1964410734	
ara-epo	Arabic	Esperanto	793	3219	4005	94	406	509	1486572	13515485	14857891	
ara-fra	Arabic	French	1569	6780	9641	125	596	860	75524167	1207983990	1573472895	
ara-heb	Arabic	Hebrew	1208	5301	5440	107	452	480	25176723	193318262	183638282	
ara-ita	Arabic	Italian	238	991	1252	11	33	49	36183892	379017681	436690932	
ara-jpn	Arabic	Japanese	1336	5945	1337	11	57	11	12047170	113779926	25679822	
ara-kab	Arabic	Kabyle	522	2394	2596				27728	212475	266279	
ara-pol	Arabic	Polish	208	854	929				35782511	324850612	305325109	
ara-rus	Arabic	Russian	3715	15750	17317	1304	5633	6188	54895295	855059357	857506631	
ara-spa	Arabic	Spanish	1511	6311	8031	1060	4479	5630	88211149	1192885239	1496391802	
ara-tur	Arabic	Turkish	1263	6038	5439	127	621	666	35974396	304119397	269200347	
asm-eng	Assamese	English	233	1157	1273	64	341	354	5054766	44465014	44502037	
avk-fra	Kotava	French	1244	6557	9181	43	187	262	5	49	192	
avk-spa	Kotava	Spanish	275	1145	1353						
awa-eng	Awadhi	English	279	1087	1042				2197709	25384555	19067484	
aze-eng	Azerbaijani	English	2659	10046	13295	1035	3930	5254	76463206	642111108	880452958	
aze-spa	Azerbaijani	Spanish	210	684	923	1	5	7	643204	6935867	8928451	
aze-tur	Azerbaijani	Turkish	1150	4253	4195	52	274	259	2547741	25879428	24595099	
bel-deu	Belarusian	German	555	2870	3461	1	3	3	1306107	22512761	15831117	
bel-eng	Belarusian	English	2500	12908	15535	4439	23246	27839	45986211	441101034	498903504	
bel-epo	Belarusian	Esperanto	744	4032	4559	15	58	69	214528	1054431	1153512	
bel-fra	Belarusian	French	283	1356	1743				677347	8450439	10489435	
bel-ita	Belarusian	Italian	264	1187	1375				971544	15368951	13057079	
bel-lat	Belarusian	Latin	222	956	901				33030	92459	113646	
bel-nld	Belarusian	Dutch	606	3194	4032				834026	12380390	11163581	
bel-pol	Belarusian	Polish	288	1377	1359				2933330	34020769	37081709	
bel-rus	Belarusian	Russian	2500	15122	15162	2832	17270	17324	22998266	277245748	285125111	
bel-spa	Belarusian	Spanish	205	982	1136				671862	8272898	10188661	
bel-ukr	Belarusian	Ukrainian	2355	12053	12024	1091	5318	5314	1811586	19794052	19896001	
bel-zho	Belarusian	Chinese	325	1480	329				366460	2461906	949892	
ben-eng	Bengali	English	2500	10942	11321	3063	14225	15462	78764429	669896165	713813703	
ber-deu	Berber languages	German	671	3320	3859				5	11	25	
ber-eng	Berber languages	English	26088	144176	155233	108422	590231	673066	32	204	247	
ber-epo	Berber languages	Esperanto	1576	7992	9364	23	106	111	5	11	22	
ber-fra	Berber languages	French	14666	63825	88078	34705	140107	190877	1	2	3	
ber-spa	Berber languages	Spanish	10339	54271	58829	14044	73889	78952	5	11	29	
bre-eng	Breton	English	385	1880	1657				728400	9041809	6312714	
bre-fra	Breton	French	2494	11924	11290	3065	15214	14293	210429	1787438	1774785	
bua-rus	Buriat	Russian	806	2807	2893				1024	8858	10900	
bul-bul	Bulgarian	Bulgarian	219	1078	1101				500820	3423840	3434443	
bul-deu	Bulgarian	German	317	1639	1827				47383235	617102672	615370548	
bul-eng	Bulgarian	English	10000	56740	60705	7835	44204	47335	113270896	1453244814	1528332996	
bul-epo	Bulgarian	Esperanto	588	3325	3417	1	8	6	1436274	15159296	15206768	
bul-fra	Bulgarian	French	451	2724	3243				43704625	475998935	536869706	
bul-ita	Bulgarian	Italian	2500	13344	14074	4006	21635	22681	43149114	548361970	584782283	
bul-jpn	Bulgarian	Japanese	322	1955	325	2	10	2	8599663	84257976	15833135	
bul-rus	Bulgarian	Russian	1247	6556	6155	1001	5184	4806	44461448	458102211	419678955	
bul-spa	Bulgarian	Spanish	286	1359	1460				50263683	518602296	580362453	
bul-tur	Bulgarian	Turkish	860	5392	4093	1	5	5	32510816	243798696	207065106	
bul-ukr	Bulgarian	Ukrainian	1021	4050	3779				12562842	145493528	129551987	
bul-zho	Bulgarian	Chinese	416	2548	423				15635549	127279166	26937252	
cat-deu	Catalan	German	724	4681	4717	2	9	10	2173303	29926950	26384821	
cat-eng	Catalan	English	1631	10387	10625	257	2261	2206	29231872	433379288	408897654	
cat-epo	Catalan	Esperanto	774	4881	4656	7	46	41	1173672	13407172	12099706	
cat-fra	Catalan	French	701	4525	4939	2	9	12	25468272	290174294	297985692	
cat-ita	Catalan	Italian	298	1773	1692				12737704	150807808	144349376	
cat-nld	Catalan	Dutch	579	3285	3492	2	9	10	1954790	24526102	22794997	
cat-por	Catalan	Portuguese	747	5249	5201	3	13	17	14710350	174442671	168147508	
cat-spa	Catalan	Spanish	1534	10548	10282	1320	9382	9155	122927301	2376689372	2400372891	
cat-ukr	Catalan	Ukrainian	459	2163	1898				2202310	26718231	21706944	
cbk-eng	Chavacano	English	1498	8879	8303	1026	6048	5751	16	292	252	
ceb-deu	Cebuano	German	903	5324	6145				1236155	19182644	17657851	
ceb-eng	Cebuano	English	424	2001	2199				12929308	153738267	142976044	
ces-deu	Czech	German	3490	18205	22412	1260	6721	8324	80012943	951502023	1038069544	
ces-eng	Czech	English	18434	98532	120647	16189	85061	104351	208877037	2344256666	2655745390	
ces-epo	Czech	Esperanto	3471	17560	20418	1098	5401	6307	2097387	18530613	20613057	
ces-fra	Czech	French	450	2194	2970	5	15	19	80295146	832203407	1029341645	
ces-hun	Czech	Hungarian	1911	8244	7922	192	786	764	60141550	613386603	592084259	
ces-ita	Czech	Italian	1100	5601	6629	1	3	5	54375409	564293823	657560146	
ces-lat	Czech	Latin	326	1452	1362	1	3	4	93041	848681	784915	
ces-pol	Czech	Polish	570	2703	2731	3	11	13	82081646	797442610	792097249	
ces-rus	Czech	Russian	3535	16087	17187	5466	24606	26200	46847691	388382811	391248251	
ces-slv	Czech	Slovenian	512	2001	2051	17	69	72	35171034	406174031	409828101	
ces-spa	Czech	Spanish	1807	8931	10620	219	991	1168	90047439	909814268	1110556528	
ces-ukr	Czech	Ukrainian	1787	6527	6842	1196	4532	4770	9724513	111380749	110080800	
cha-eng	Chamorro	English	227	774	898				12958	240438	265296	
chm-rus	Mari (Russia)	Russian	2750	15104	16269	1000	5305	5720	3699	14220	14552	
chv-eng	Chuvash	English	345	1404	1935				274040	3603674	4672163	
chv-rus	Chuvash	Russian	394	1603	1848				1046354	11505591	11516239	
chv-tur	Chuvash	Turkish	525	2129	2101				77766	952316	928648	
cor-deu	Cornish	German	821	3855	3732				896	4334	4216	
cor-eng	Cornish	English	3198	14464	13500	1000	4601	4272	2434	23873	43357	
cor-epo	Cornish	Esperanto	663	3026	2877				1062	4641	4401	
cor-fra	Cornish	French	555	2560	2614				1064	5493	6293	
cor-ita	Cornish	Italian	287	1211	1079				1121	5564	5833	
cor-rus	Cornish	Russian	218	959	820				1304	5870	5331	
cor-spa	Cornish	Spanish	206	944	847				1155	5662	6190	
crh-tur	Crimean Tatar	Turkish	208	824	794				9111	47776	47016	
cym-eng	Welsh	English	1007	6279	5788	19	122	115	19178710	246843577	241049507	
dan-dan	Danish	Danish	576	3756	3811				258115	1852507	1855967	
dan-deu	Danish	German	9998	62514	63040	7750	49465	49891	85418280	1337028329	1337704241	
dan-eng	Danish	English	12678	79295	79827	20089	123471	124078	164950651	2366538235	2492520999	
dan-epo	Danish	Esperanto	13144	79397	75422	19236	117228	111170	1573951	15401229	15224020	
dan-fin	Danish	Finnish	2665	13452	11009	1854	10314	8348	49411725	778227129	591479216	
dan-fra	Danish	French	1731	9307	10245	89	601	690	77220719	1240133470	1433684311	
dan-hun	Danish	Hungarian	882	4967	3888	6	26	18	39096324	568567353	515841359	
dan-ita	Danish	Italian	286	1876	1885	4	16	18	63225160	1077789214	1171882384	
dan-jpn	Danish	Japanese	927	5000	932	10	62	10	8467609	97226762	15999268	
dan-nld	Danish	Dutch	1643	8485	8952	67	338	365	71005999	1160485402	1258693815	
dan-nor	Danish	Norwegian	1311	8343	8216	1050	6607	6561	39503372	541325880	535545627	
dan-por	Danish	Portuguese	876	4281	4368	4	33	24	73045085	1099601319	1219803678	
dan-rus	Danish	Russian	1713	9788	8376	1065	5999	5207	19444845	180706655	164465722	
dan-spa	Danish	Spanish	5000	30181	29832	5165	31534	31087	81687841	1280222017	1487592915	
dan-swe	Danish	Swedish	2348	12542	12292	1440	7859	7730	67424560	1051984859	1026298995	
dan-tur	Danish	Turkish	770	3555	2680	4	16	12	19482641	182994406	150078891	
dan-yid	Danish	Yiddish	200	968	1053	11	58	60	79581	399299	635391	
dan-zho	Danish	Chinese	250	1400	265				12949875	111175424	23597243	
deu-deu	German	German	2500	17212	17358	2127	14410	14645	402977	4134396	4107924	
deu-dsb	German	Lower Sorbian	640	3696	3203	1	5	5	24374	208816	201470	
deu-ell	German	Modern Greek (1453-)	2500	14008	12753	2869	16440	15179	64421019	897052951	940023419	
deu-eng	German	English	32565	247086	250438	289779	2004590	2005962	775736768	11191697189	11879775260	
deu-epo	German	Esperanto	20438	178667	169085	221683	1735749	1622618	5235762	55593131	54394568	
deu-est	German	Estonian	265	1434	1216	1	6	4	41253664	642840595	508375300	
deu-eus	German	Basque	458	2749	2297				803389	5132324	4184691	
deu-fas	German	Persian	3185	21330	21895	1051	7027	7253	14137912	155307415	180895594	
deu-fin	German	Finnish	3320	20578	15318	7142	42630	32133	75002315	1095943341	825233237	
deu-fra	German	French	17388	118085	128606	98158	659086	710892	269772981	4131671345	4751583458	
deu-frr	German	Northern Frisian	278	1557	1535						
deu-gos	German	Gronings	209	925	898	6	29	25			
deu-hbs	German	Serbo-Croatian	1959	12825	11347	708	4491	3780	58967617	660846229	604933246	
deu-heb	German	Hebrew	3090	20905	16487	1213	8177	6492	22663182	216922605	179385973	
deu-hrx	German	Hunsrik	482	2316	2240						
deu-hsb	German	Upper Sorbian	667	3961	3337	1	5	5	33193	253689	237563	
deu-hun	German	Hungarian	23848	167825	132298	54083	363033	290581	66068675	860272507	764167640	
deu-ido	German	Ido	1000	4872	4726	928	4461	4422	5210	10183	11486	
deu-ile	German	Interlingue	2278	11146	11531	1372	6540	6818	3	35	76	
deu-ina	German	Interlingua (International Auxiliary Language Association)	1257	9764	10569	213	1008	1057	17527	144114	158585	
deu-isl	German	Icelandic	977	5160	4925	19	159	136	8816105	103780609	102218571	
deu-ita	German	Italian	10392	68761	66071	12198	79958	76585	165213375	2615618108	2822919827	
deu-jbo	German	Lojban	1449	8454	9715	20	213	301	381	744	1086	
deu-jpn	German	Japanese	12649	90666	12734	29943	215282	30199	23246645	232442054	42546283	
deu-kab	German	Kabyle	453	2481	2106	8	47	33	29080	305106	306566	
deu-kor	German	Korean	1127	7553	5410	9	76	55	15717548	171862751	139316901	
deu-kur	German	Kurdish	258	1224	1137	12	57	58	124047	1753779	2195986	
deu-lad	German	Ladino	276	1186	1146	28	116	131			
deu-lat	German	Latin	2016	10773	8116	1283	7964	5950	90136	1018375	823842	
deu-lav	German	Latvian	200	1252	1069				33584993	568098363	519846493	
deu-lfn	German	Lingua Franca Nova	582	3929	4459	54	340	389			
deu-lit	German	Lithuanian	1115	7056	5615	541	2817	2414	37435405	612100806	521596842	
deu-ltz	German	Luxembourgish	386	2007	1999	4	21	21	581933	6444161	10846220	
deu-msa	German	Malay (macrolanguage)	564	3723	3339	2	41	34	33449005	407965713	391006086	
deu-nds	German	Low German	9999	62145	63862	7972	50286	51767	146720	1364034	1431971	
deu-nld	German	Dutch	11046	66228	68690	26387	157718	163499	156204242	2205120712	2342344953	
deu-nor	German	Norwegian	3651	29080	28408	1026	7880	7686	51017401	675266045	661524476	
deu-pol	German	Polish	5000	31008	25467	6188	38516	31606	96443936	1202484519	1111298189	
deu-por	German	Portuguese	10000	67116	68443	7821	56554	57501	148264788	2123070857	2310849342	
deu-ron	German	Romanian	1141	6409	6093	1112	6236	5974	60607361	791497338	857110570	
deu-run	German	Rundi	1752	8475	5109	1192	6287	3869	345565	5691274	5176341	
deu-rus	German	Russian	18028	116538	99247	100323	629710	536786	73410989	928240381	850364874	
deu-slv	German	Slovenian	659	3005	2447	7	35	26	41570897	572500671	531002712	
deu-spa	German	Spanish	11376	78602	76594	75061	507740	495821	245781268	3686899035	4208751493	
deu-swe	German	Swedish	3410	19330	19001	1378	7822	7640	107221536	1558149858	1504739241	
deu-swg	German	Swabian	1523	13079	12897	184	1437	1418			
deu-tat	German	Tatar	2501	21692	17487	3738	32130	25814	284623	4414624	3540694	
deu-tgl	German	Tagalog	397	2425	2401				3244111	42458783	48985704	
deu-tlh	German	Klingon	1099	6292	3573	1081	6002	3477	113	2046	1280	
deu-tok	German	Toki Pona	10488	65964	100433	13817	85800	130753			
deu-tur	German	Turkish	5000	32186	23099	7481	47782	34392	43675726	456158544	375941880	
deu-ukr	German	Ukrainian	10682	54656	45795	11721	59016	49648	15254884	198164941	175773212	
deu-vie	German	Vietnamese	403	2721	3273				19344274	244905051	343830648	
deu-vol	German	Volapük	214	1084	811	7	32	33	1	72	13	
deu-yid	German	Yiddish	1000	4929	5230	430	2378	2589	80311	910608	1144788	
deu-zho	German	Chinese	4985	31361	5039	7590	48465	7703	30458932	329769318	54397235	
dsb-hsb	Lower Sorbian	Upper Sorbian	333	943	930				26230	218572	215893	
dsb-slv	Lower Sorbian	Slovenian	332	1017	1038				28672	221120	217525	
dtp-eng	Kadazan Dusun	English	1927	11430	11485	1300	9298	9084			
dtp-jpn	Kadazan Dusun	Japanese	301	1674	301						
dtp-msa	Kadazan Dusun	Malay (macrolanguage)	884	7561	6702	7	49	45			
dtp-zho	Kadazan Dusun	Chinese	250	1725	255						
egl-ita	Emilian	Italian	202	863	784						
ell-ell	Modern Greek (1453-)	Modern Greek (1453-)	534	2617	2633				2882959	17720416	17705802	
ell-eng	Modern Greek (1453-)	English	13055	68618	71265	12920	62833	64695	158601859	2216084933	2218186718	
ell-epo	Modern Greek (1453-)	Esperanto	634	3465	3344	5	26	26	1589281	17418778	16367678	
ell-fra	Modern Greek (1453-)	French	1506	7324	8420	36	232	282	91986748	1145059878	1244114316	
ell-ita	Modern Greek (1453-)	Italian	433	2019	2066				56385254	809455779	831257687	
ell-nld	Modern Greek (1453-)	Dutch	928	6523	7178	67	508	544	56236142	748983965	773710560	
ell-por	Modern Greek (1453-)	Portuguese	1161	6185	6397	23	104	113	94216999	1047677517	1086635930	
ell-rus	Modern Greek (1453-)	Russian	2500	13195	11573	2549	13351	11616	31922794	338277272	296780420	
ell-spa	Modern Greek (1453-)	Spanish	1829	8405	8756	1023	4772	4953	101015001	1227484575	1320012493	
ell-swe	Modern Greek (1453-)	Swedish	253	1159	1210				45936499	724820426	658247481	
ell-tur	Modern Greek (1453-)	Turkish	1469	7418	5505	200	972	735	40043669	312457451	252479021	
eng-eng	English	English	12663	105396	106632	96608	812315	828924	25770313	230224785	229535074	
eng-epo	English	Esperanto	29548	253225	237529	241675	1637988	1528466	70341434	912570797	865048330	
eng-est	English	Estonian	1359	7295	6373	1186	6560	5712	67539583	1010029788	763295548	
eng-eus	English	Basque	1060	6861	5823	1005	6640	5540	10163682	88823155	71365323	
eng-fao	English	Faroese	294	1631	1564	1	4	4	2895158	40481474	37943031	
eng-fas	English	Persian	3762	26914	27590	1121	7867	8110	49093047	612660082	681201118	
eng-fin	English	Finnish	11786	75757	57720	69896	437901	335639	140250177	1956190195	1407891107	
eng-fra	English	French	23139	163274	177986	251749	1665185	1802220	837088250	14348485299	15819155237	
eng-fry	English	Western Frisian	222	1298	1329	2	6	6	700077	4667097	5024284	
eng-gla	English	Scottish Gaelic	957	5346	6131				6666533	75943710	81789470	
eng-gle	English	Irish	1913	9141	10094	79	439	478	24793933	300729451	354372298	
eng-glg	English	Galician	1019	7246	6724	3	17	16	14469542	149684541	148863457	
eng-gos	English	Gronings	1154	4330	4250	97	499	491			
eng-got	English	Gothic	207	865	685				117	2479	1169	
eng-grc	English	Ancient Greek (to 1453)	623	4676	3509	6	28	28	19	387	54	
eng-gsw	English	Swiss German	218	854	836	3	13	18	106	2701	2256	
eng-hau	English	Hausa	256	2123	2082				9000508	99968804	62913016	
eng-hbs	English	Serbo-Croatian	10498	60915	55756	14206	86842	79949	214850199	2580793475	2269091163	
eng-heb	English	Hebrew	10915	68604	54058	153571	956210	754018	57840412	606102899	483386382	
eng-hin	English	Hindi	5000	28315	31361	6072	34511	38383	71917217	896179890	956249613	
eng-hoc	English	Ho	685	2965	2041						
eng-hrx	English	Hunsrik	235	1054	1104						
eng-hun	English	Hungarian	19625	127296	99658	97144	568474	449917	139799007	1732348178	1467580516	
eng-hye	English	Armenian	1121	3888	3852	1036	3772	3714	16609621	197375629	152925428	
eng-ido	English	Ido	2271	13288	12187	1483	8666	8023	20477	150789	146607	
eng-ile	English	Interlingue	1711	8607	8832	1143	5763	5928	242	2205	1651	
eng-ilo	English	Iloko	1093	6184	6040	1000	5647	5433	2017387	25879535	27021694	
eng-ina	English	Interlingua (International Auxiliary Language Association)	4988	36505	38263	6550	45714	47784	23929	209596	228533	
eng-isl	English	Icelandic	2658	18111	17431	6938	46615	45100	21979561	265419283	251686374	
eng-ita	English	Italian	29212	179212	173591	472974	2669685	2585368	378109944	6226109857	6307894112	
eng-jav	English	Javanese	269	1574	1378	2	20	17	18149854	177538686	151935769	
eng-jbo	English	Lojban	4996	28565	33556	7050	41034	48459	451	1379	1716	
eng-jpn	English	Japanese	20796	160332	20878	194793	1506695	195337	91296937	1229167523	198172945	
eng-kab	English	Kabyle	15971	93907	79418	14439	72839	63773	2953417	24879049	21755467	
eng-kat	English	Georgian	1088	5442	3728	18	98	70	13032106	160183471	107136345	
eng-kaz	English	Kazakh	434	2370	1820	3	13	10	35231799	378979970	285373519	
eng-kha	English	Khasi	1314	6985	7819	108	717	862			
eng-khm	English	Khmer	778	3624	1640				6553202	77752064	64590496	
eng-kor	English	Korean	2479	15402	10962	1129	7208	5185	37221550	421476071	332870861	
eng-kur	English	Kurdish	750	4155	3720	80	427	393	483232	6407450	6798975	
eng-lad	English	Ladino	867	3824	3727	58	224	254	29	550	569	
eng-lat	English	Latin	11821	94945	68969	14036	114476	83208	1100424	8516469	7069375	
eng-lav	English	Latvian	1631	9273	7915	189	1394	1152	57173732	924313311	823158273	
eng-lfn	English	Lingua Franca Nova	4594	29698	32700	3706	23624	25842	43	763	807	
eng-lit	English	Lithuanian	2585	15358	12286	5643	33590	26618	65063233	1022831527	831815348	
eng-ltz	English	Luxembourgish	387	2135	2040	4	15	14	17568120	231374021	403510152	
eng-mal	English	Malayalam	802	4700	3459				59661051	584978244	426686900	
eng-mar	English	Marathi	11026	59297	52713	43058	230342	204540	42041768	400974916	365225007	
eng-mkd	English	Macedonian	10017	54950	51343	70319	387013	361882	17437638	218257251	211307673	
eng-mlt	English	Maltese	251	1163	859	1	6	3	22760694	382787785	321727800	
eng-mon	English	Mongolian	417	2811	2445	23	194	157	17176614	197481749	152457923	
eng-mri	English	Maori	367	2336	3325	3	10	12	5800311	69473170	88923040	
eng-msa	English	Malay (macrolanguage)	5000	31183	27896	7487	48191	43227	168311638	2227049159	2024856934	
eng-mya	English	Burmese	220	1448	1204				10751538	118720958	63785453	
eng-nds	English	Low German	2500	14803	15228	3279	19655	20193	206993	1395776	1358760	
eng-nld	English	Dutch	17138	108400	111026	62387	367039	378888	325047981	4567826225	4582607424	
eng-nor	English	Norwegian	5000	34479	33820	6264	41940	41230	135146726	1863522345	1763266796	
eng-nov	English	Novial	222	1159	1148	14	59	61	4	76	52	
eng-nst	English	Tase Naga	805	3823	4871						
eng-oci	English	Occitan (post 1500)	858	4481	4595				1459964	9556511	9439385	
eng-orv	English	Old Russian	322	1713	1364						
eng-ota	English	Ottoman Turkish (1500-1928)	696	3704	3433	12	81	72			
eng-pam	English	Pampanga	1000	5621	4989	494	2851	2504	30	78	64	
eng-pms	English	Piemontese	270	1714	1910				45	299	285	
eng-pol	English	Polish	11713	76000	62046	44189	281683	230039	210320051	2860689635	2510710788	
eng-por	English	Portuguese	23215	243889	253787	204462	1296582	1297175	429437198	6632852087	6821587935	
eng-prg	English	Prussian	219	1444	1277						
eng-que	English	Quechua	258	1386	764				2853672	34438187	22640942	
eng-rom	English	Romany	706	3961	4494				23887	447988	458579	
eng-ron	English	Romanian	6632	42043	41383	9662	62182	61687	148959401	2049428724	2106930773	
eng-run	English	Rundi	1703	8221	4930	3	29	17	1024349	12413204	11015958	
eng-rus	English	Russian	36385	246349	208680	504175	3130009	2706675	214645928	3392370731	2954742470	
eng-slv	English	Slovenian	2495	14074	11554	1796	10243	8404	69320844	950570923	834895987	
eng-spa	English	Spanish	24514	188970	184065	197532	1347308	1306416	1088295952	18373909098	20120776592	
eng-sqi	English	Albanian	1112	6810	6978	2	11	11	94122569	1148951054	1203472095	
eng-swa	English	Swahili (macrolanguage)	434	2424	1703	3	17	21	31213354	350342238	320456022	
eng-swe	English	Swedish	11452	63164	62728	15558	85524	85248	207819305	2961388135	2732066157	
eng-tam	English	Tamil	356	1996	1511				58105668	593591561	460319510	
eng-tat	English	Tatar	1451	9447	6996	22	326	188	9936650	100676493	81096806	
eng-tel	English	Telugu	262	1406	1089				53464610	552256711	457117021	
eng-tgl	English	Tagalog	3978	30806	32076	4796	29378	28759	67551342	700753705	747159856	
eng-tha	English	Thai	1178	6298	1372	1	5	1	16132390	214554308	76537073	
eng-tlh	English	Klingon	5000	27391	15764	8717	47645	27521	136	2339	1423	
eng-tok	English	Toki Pona	7715	47198	70255	8702	50178	74589			
eng-tuk	English	Turkmen	2500	16260	12809	3869	25403	20032	145497	2043299	1464437	
eng-tur	English	Turkish	18588	126267	92840	658320	4370759	3225011	103684255	1140417879	886676935	
eng-tzl	English	Talossan	206	703	635	20	80	95			
eng-uig	English	Uighur	3024	19231	13084	1011	6376	4387	8615783	94754606	71773084	
eng-ukr	English	Ukrainian	15984	90458	77810	159487	885390	765860	48341922	1008252590	911038388	
eng-urd	English	Urdu	1663	10180	12106	3	26	29	34085204	372803011	496431192	
eng-uzb	English	Uzbek	480	2323	1615	1	4	3	31142431	366409150	267450261	
eng-vie	English	Vietnamese	2500	17313	21591	4350	31495	40088	66439474	993987551	1352910499	
eng-vol	English	Volapük	1541	8149	6093	1356	7128	5449	70	1372	438	
eng-war	English	Waray (Philippines)	1512	9630	9364	56	491	461	2757611	26597925	28599515	
eng-xal	English	Kalmyk	281	1726	1366				28	54	44	
eng-yid	English	Yiddish	2483	12632	13594	4311	22194	23953	7590007	77236100	74963599	
eng-zho	English	Chinese	11344	80189	11594	43078	304368	43933	142020979	2074801534	266479430	
eng-zza	English	Zaza	529	2557	2416	5	25	22	552643	5074979	4458141	
epo-epo	Esperanto	Esperanto	10000	60347	60394	9874	60255	60298	266	1818	1810	
epo-fas	Esperanto	Persian	2530	15451	18004	7430	45396	52342	1119847	10471870	12104706	
epo-fin	Esperanto	Finnish	2862	15296	12426	1142	6187	4956	1493223	13558900	10745353	
epo-fra	Esperanto	French	23465	144977	168284	287548	1834039	2127992	20745752	209292371	236575175	
epo-glg	Esperanto	Galician	330	1894	1896	5	31	38	337420	1650439	1867358	
epo-hbs	Esperanto	Serbo-Croatian	2500	15216	14876	2805	16919	16579	2406901	21851681	20422197	
epo-heb	Esperanto	Hebrew	10557	67749	56331	19607	126955	105465	1246765	10424221	8626086	
epo-hun	Esperanto	Hungarian	10197	64633	53532	28756	181892	151662	1591155	14666379	12896709	
epo-ido	Esperanto	Ido	1183	6325	6295	743	3236	3223	7173	16340	17845	
epo-ile	Esperanto	Interlingue	334	1411	1514	23	95	101	7	136	88	
epo-ina	Esperanto	Interlingua (International Auxiliary Language Association)	2644	17723	19883	1764	10190	11395	11490	67228	73779	
epo-isl	Esperanto	Icelandic	241	1285	1347				239280	1400334	1349202	
epo-ita	Esperanto	Italian	11152	62262	62295	40619	221800	222099	2982182	33443959	34851505	
epo-jbo	Esperanto	Lojban	1167	6044	7229	64	415	549	304	580	761	
epo-jpn	Esperanto	Japanese	3676	22286	3682	6421	38357	6445	377953	1753135	727843	
epo-lad	Esperanto	Ladino	475	2093	2151	52	205	219	12	101	118	
epo-lat	Esperanto	Latin	3106	36459	27041	5980	76518	56743	82530	793907	666225	
epo-lfn	Esperanto	Lingua Franca Nova	997	4839	5583	604	2884	3256	6	41	40	
epo-lit	Esperanto	Lithuanian	13275	75681	65293	10429	58107	50279	1048143	9464314	7895614	
epo-msa	Esperanto	Malay (macrolanguage)	209	1406	1291	3	19	17	572205	3141407	3117979	
epo-nds	Esperanto	Low German	2536	14209	15218	1284	7483	7944	70139	318548	351891	
epo-nld	Esperanto	Dutch	17570	104582	117853	80837	478383	540109	2575360	25029861	26796576	
epo-nor	Esperanto	Norwegian	3158	24404	25138	1027	7952	8098	1546983	14921687	14992038	
epo-oci	Esperanto	Occitan (post 1500)	589	4291	4484	1	8	6	79752	194099	227876	
epo-pol	Esperanto	Polish	2581	14651	12719	5786	32947	28629	501208	3160056	2872841	
epo-por	Esperanto	Portuguese	12057	89461	93527	46093	329403	345038	597994	4216130	4620254	
epo-ron	Esperanto	Romanian	3820	20944	21166	1678	9343	9437	1710088	16736457	18416439	
epo-rus	Esperanto	Russian	17249	105716	95351	45960	291530	260943	472400	3000117	2759685	
epo-slv	Esperanto	Slovenian	310	1846	1635	1	4	3	1241511	13327610	12564857	
epo-spa	Esperanto	Spanish	11890	76338	78777	65096	414554	430104	6210974	76459691	83530130	
epo-swe	Esperanto	Swedish	1757	8960	9082	189	965	958	2174355	21230911	20981552	
epo-tgl	Esperanto	Tagalog	1109	7114	7513	112	2896	3287	172959	1211346	1390745	
epo-tlh	Esperanto	Klingon	1930	9942	6161	247	1053	696	136	1988	1401	
epo-tok	Esperanto	Toki Pona	2733	15238	24821	1623	9194	14183			
epo-tur	Esperanto	Turkish	5000	27672	21298	7757	42785	32886	413229	2437525	1994706	
epo-ukr	Esperanto	Ukrainian	2500	12045	10505	4732	22898	20072	1095329	8705310	7818021	
epo-vie	Esperanto	Vietnamese	1790	11394	15774	2	11	15	170552	2584002	3478184	
epo-vol	Esperanto	Volapük	885	4389	3377	37	174	140			
epo-yid	Esperanto	Yiddish	2489	12345	13852	2278	11029	12302	23264	49764	109329	
epo-zho	Esperanto	Chinese	2241	12844	2284	1029	5916	1064	428178	2244849	1513772	
est-fin	Estonian	Finnish	228	1008	900				30783369	371795420	352572486	
est-rus	Estonian	Russian	698	3389	3324	19	85	86	18259725	170143237	189092968	
eus-jpn	Basque	Japanese	239	792	239				412394	1906997	756310	
eus-rus	Basque	Russian	488	1878	1866				686357	3466690	3868982	
eus-spa	Basque	Spanish	1850	8887	10252	1003	4875	5598	13835530	161085548	215758789	
fas-fra	Persian	French	390	3111	3233	5	28	34	15546771	199022165	193950707	
fin-fin	Finnish	Finnish	1000	3936	3983	361	1469	1517	179361	912769	914039	
fin-fkv	Finnish	Kven Finnish	506	2085	2150	68	277	271			
fin-fra	Finnish	French	1920	7550	10457	1085	4242	5948	85896276	834435607	1254797916	
fin-heb	Finnish	Hebrew	214	1051	1120	4	12	12	22667395	132143211	156522740	
fin-hun	Finnish	Hungarian	1297	5060	4988	16	75	72	47667374	463501322	550211474	
fin-ita	Finnish	Italian	1039	4258	5575	1003	4107	5270	56059373	632280629	911579109	
fin-jpn	Finnish	Japanese	12580	59873	12638	10954	52757	11028	8927609	72427470	16603924	
fin-kor	Finnish	Korean	422	1744	1540				5831657	59923797	62891070	
fin-kur	Finnish	Kurdish	261	1186	1555				55449	395487	583192	
fin-lat	Finnish	Latin	297	1141	1110	1	4	4	77949	650191	662444	
fin-nld	Finnish	Dutch	319	1279	1691	4	14	17	61102693	661612910	945779880	
fin-nor	Finnish	Norwegian	2488	10245	12118	1159	4882	5759	25834628	256395819	334221082	
fin-pol	Finnish	Polish	611	2608	2790				50807198	492269065	601485616	
fin-por	Finnish	Portuguese	480	1853	2510	2	7	8	77097930	729199452	1069797193	
fin-rus	Finnish	Russian	3643	15057	17017	1019	4311	4791	26486195	192309628	236788102	
fin-spa	Finnish	Spanish	2540	11376	14309	7399	33227	41799	91430674	875116209	1311015701	
fin-swe	Finnish	Swedish	2959	12854	16575	7284	31018	39767	66049439	781748422	975661122	
fin-tur	Finnish	Turkish	1796	8366	8001	6	24	24	28117234	174886605	195393366	
fin-zho	Finnish	Chinese	386	1452	390	2	7	2	14304103	83903629	25467525	
fra-fra	French	French	1000	6830	6831	2456	16172	16347	1985862	14664929	14561751	
fra-gcf	French	Guadeloupean Creole French	1164	5281	5092						
fra-hbs	French	Serbo-Croatian	482	2944	2343				75445058	868815002	720264238	
fra-heb	French	Hebrew	3281	22855	16734	1120	7627	5537	43205062	397922705	306829412	
fra-hun	French	Hungarian	3052	18059	13097	4848	28808	20896	85972093	1082924465	847237208	
fra-ido	French	Ido	566	3058	2689	26	132	108	6885	18123	17797	
fra-ile	French	Interlingue	401	2054	1966	8	38	39	2	7	10	
fra-ina	French	Interlingua (International Auxiliary Language Association)	1177	8102	7878	187	1009	934	20577	181596	172040	
fra-ita	French	Italian	10547	60497	54296	68868	388076	349312	241647663	3947870928	3687834162	
fra-jbo	French	Lojban	1140	7811	8187	5	19	16	172	567	690	
fra-jpn	French	Japanese	10440	79938	10484	28652	219384	28756	24005427	275739766	44332977	
fra-kab	French	Kabyle	23926	168781	124015	18363	128458	95031	773331	6796984	5651480	
fra-kor	French	Korean	357	2599	1637	2	19	14	16151092	197843764	141323907	
fra-lat	French	Latin	2915	34140	21259	1365	15108	9530	504029	4121536	3290404	
fra-lfn	French	Lingua Franca Nova	661	4944	5007	121	1180	1221			
fra-msa	French	Malay (macrolanguage)	1056	7258	5944	3	28	24	38132397	457488558	384387059	
fra-nds	French	Low German	880	5000	4864	17	109	102	116664	882890	768343	
fra-nld	French	Dutch	12276	76863	73133	16735	99488	95385	126187318	2159010533	2008300408	
fra-nor	French	Norwegian	478	2782	2579				44322734	669856982	583416013	
fra-oci	French	Occitan (post 1500)	806	5512	5258				4421772	39431967	35882274	
fra-pcd	French	Picard	268	1465	1355				57	1190	830	
fra-pol	French	Polish	3087	21142	16057	1029	7207	5450	99603185	1366757586	1099259752	
fra-por	French	Portuguese	11338	79502	73481	17062	110613	102381	237762189	3522842571	3333549673	
fra-ron	French	Romanian	1927	11567	10066	80	509	470	103361533	1372893296	1298924966	
fra-run	French	Rundi	1274	6533	3737	8	58	35	1420253	17996361	15205948	
fra-rus	French	Russian	28800	180746	143009	183050	1130643	891102	104428918	1959541144	1516216609	
fra-slv	French	Slovenian	476	3415	2582				42006869	649246150	522372548	
fra-spa	French	Spanish	11338	80520	73019	40595	288418	260270	448880106	7525200019	7394900632	
fra-swe	French	Swedish	1407	8335	7656	1158	6697	6153	94211699	1637887262	1375280758	
fra-tat	French	Tatar	312	1770	1224				260359	4296092	3079976	
fra-tgl	French	Tagalog	854	5392	4942				3382249	48279836	50420042	
fra-tlh	French	Klingon	648	3614	1995	15	71	50	129	2362	1406	
fra-tok	French	Toki Pona	655	4137	5557	26	252	347			
fra-tur	French	Turkish	2784	18665	12198	6718	44718	29730	54477278	528594634	390903940	
fra-uig	French	Uighur	694	4006	2733				13012	196445	186586	
fra-ukr	French	Ukrainian	10236	55544	43191	18252	98832	77031	14293798	211612439	165858316	
fra-vie	French	Vietnamese	1299	10127	11608	8	74	95	23220049	352961422	434731033	
fra-yid	French	Yiddish	752	4197	3929	61	330	325	21456	88741	581285	
fra-zho	French	Chinese	9994	74983	10126	7685	57329	7781	55340114	1136541954	96148801	
fry-nld	Western Frisian	Dutch	261	1533	1532	8	28	28	275113	2495911	2534194	
gcf-gcf	Guadeloupean Creole French	Guadeloupean Creole French	233	990	1004						
gla-spa	Scottish Gaelic	Spanish	289	1710	1293				32696	197794	179232	
glg-por	Galician	Portuguese	434	2527	2617	3	13	17	77641252	670767710	805737229	
glg-spa	Galician	Spanish	2121	13967	14832	1013	6582	7051	41706134	539817449	565522794	
gos-nld	Gronings	Dutch	1852	7493	7848	435	2028	2130			
grn-por	Guarani	Portuguese	225	973	1439	74	300	454	749339	7396966	13656286	
grn-spa	Guarani	Spanish	661	2584	3468	130	605	864	168115	1896448	2600845	
hbs-ita	Serbo-Croatian	Italian	539	2454	2631				53317434	492391895	563260092	
hbs-jpn	Serbo-Croatian	Japanese	400	2064	403				10469418	98938833	20012106	
hbs-nor	Serbo-Croatian	Norwegian	5000	35094	37303	6150	41777	44438	24710098	243659911	258210442	
hbs-pol	Serbo-Croatian	Polish	417	2154	2084				73430012	638035639	605039773	
hbs-rus	Serbo-Croatian	Russian	2500	11899	11196	4267	20519	19453	50669025	432322466	427377388	
hbs-spa	Serbo-Croatian	Spanish	620	2839	3111	2	6	5	79678925	689920217	803791552	
hbs-tur	Serbo-Croatian	Turkish	203	867	737				56072748	409473057	356017873	
hbs-ukr	Serbo-Croatian	Ukrainian	945	4015	3797	7	19	24	11329784	121941322	116181546	
hbs-zho	Serbo-Croatian	Chinese	238	1101	242				26220456	182009158	45229168	
heb-heb	Hebrew	Hebrew	1000	4780	4795	737	3575	3563	639494	3949666	3967674	
heb-hun	Hebrew	Hungarian	426	1849	1771	11	32	34	28172496	190447086	189911800	
heb-ina	Hebrew	Interlingua (International Auxiliary Language Association)	281	1245	1573	41	165	235	16264	89463	108319	
heb-ita	Hebrew	Italian	1706	7860	9538	48	202	234	18797552	130451951	158010343	
heb-jpn	Hebrew	Japanese	243	1280	243	4	14	4	10978685	81185800	19356176	
heb-lad	Hebrew	Ladino	266	1039	1305	41	135	164			
heb-lat	Hebrew	Latin	307	1311	1355	58	257	265	169522	926586	1123921	
heb-lfn	Hebrew	Lingua Franca Nova	342	1368	1875	72	297	399			
heb-nld	Hebrew	Dutch	2500	12843	17574	4372	22570	31050	30156880	212616673	258012925	
heb-pol	Hebrew	Polish	5001	24310	25223	7765	38008	39253	31960813	218730183	219334640	
heb-por	Hebrew	Portuguese	737	3637	4571	24	74	101	51780514	355666671	422765804	
heb-rus	Hebrew	Russian	2500	12032	13133	3602	17121	18517	23759381	167013144	178589046	
heb-spa	Hebrew	Spanish	1849	9848	11972	1117	5747	6968	46166848	332920090	415160857	
heb-tur	Hebrew	Turkish	1377	5977	5429	44	159	129	30677034	203005965	189812233	
heb-ukr	Hebrew	Ukrainian	969	3764	4073	10	39	40	3423678	33770969	34698926	
heb-yid	Hebrew	Yiddish	983	4112	5718	374	1575	2117	27872	123470	639272	
heb-zho	Hebrew	Chinese	709	2841	719	5	19	5	14485399	90663569	26117955	
hin-mar	Hindi	Marathi	226	1297	1037	2	14	12	3106276	33168864	28318755	
hin-urd	Hindi	Urdu	240	1517	1596	2	6	6	3999092	49218653	57195623	
hin-zho	Hindi	Chinese	324	2460	325	1	5	1	3161573	36553032	6177531	
hoc-sat	Ho	Santali	208	248	397						
hsb-slv	Upper Sorbian	Slovenian	745	2260	2314				37314	255643	262101	
hun-hun	Hungarian	Hungarian	1064	5360	5629	1162	5383	5654	576411	3590702	3588075	
hun-ita	Hungarian	Italian	5000	20596	25417	7329	29997	37344	54016461	592033886	716645963	
hun-jpn	Hungarian	Japanese	2500	15098	2507	3769	22418	3784	9672524	85189497	18901531	
hun-kor	Hungarian	Korean	271	1276	1122				6567443	69862451	62359491	
hun-lat	Hungarian	Latin	622	2764	2550	16	54	52	81748	705469	672352	
hun-nld	Hungarian	Dutch	1629	7220	9297	416	1956	2587	53597028	564076367	674916976	
hun-nor	Hungarian	Norwegian	311	1356	1685				20865802	228894217	253929425	
hun-pol	Hungarian	Polish	1934	8835	9345	56	222	248	58729635	589248029	602365822	
hun-por	Hungarian	Portuguese	2500	10987	13716	3533	15710	19540	80763178	736362988	892752672	
hun-rus	Hungarian	Russian	4233	19926	21860	6098	28242	30759	33905931	287490743	299789838	
hun-spa	Hungarian	Spanish	2500	11415	13855	4608	21189	25922	93000023	891151414	1118661662	
hun-swe	Hungarian	Swedish	2501	11533	14748	1128	5027	6494	43606965	547522137	588460435	
hun-tur	Hungarian	Turkish	1059	4240	4024	10	42	36	37074809	262458206	246369653	
hun-ukr	Hungarian	Ukrainian	486	1928	2073	3	6	9	7926430	89106779	89820637	
hun-zho	Hungarian	Chinese	443	2049	444	1	4	1	16376905	113293740	29650375	
hye-rus	Armenian	Russian	257	1458	1432				5307481	64022022	66373721	
ido-ina	Ido	Interlingua (International Auxiliary Language Association)	414	1671	1828	52	228	253	455	1063	1268	
ido-ita	Ido	Italian	1460	8272	8216	73	352	348	6558	15255	14914	
ido-lat	Ido	Latin	214	817	692	32	146	126	3024	5628	5547	
ido-lfn	Ido	Lingua Franca Nova	431	1817	2108	55	231	261			
ido-spa	Ido	Spanish	584	3027	3076	15	62	76	6706	15673	15635	
ido-yid	Ido	Yiddish	576	2420	2726	58	265	307	1418	2756	2695	
ina-ita	Interlingua (International Auxiliary Language Association)	Italian	956	6447	5872	11	51	47	20435	188413	186304	
ina-lad	Interlingua (International Auxiliary Language Association)	Ladino	433	2010	1901	46	215	186			
ina-lat	Interlingua (International Auxiliary Language Association)	Latin	1017	5964	4296	70	328	245	162	416	328	
ina-lfn	Interlingua (International Auxiliary Language Association)	Lingua Franca Nova	997	4793	4992	238	1136	1151			
ina-nld	Interlingua (International Auxiliary Language Association)	Dutch	1068	6985	7072	19	83	78	19869	183813	168965	
ina-por	Interlingua (International Auxiliary Language Association)	Portuguese	2581	21465	20681	7080	60561	57869	36471	346723	340608	
ina-rus	Interlingua (International Auxiliary Language Association)	Russian	1453	11568	8627	63	305	217	20067	170524	145852	
ina-spa	Interlingua (International Auxiliary Language Association)	Spanish	1613	13112	12448	234	1232	1199	17485	159209	160775	
ina-tlh	Interlingua (International Auxiliary Language Association)	Klingon	284	1134	722	34	146	97	5	10	6	
ina-tur	Interlingua (International Auxiliary Language Association)	Turkish	330	1578	1104	13	69	45	19925	149194	113232	
ina-yid	Interlingua (International Auxiliary Language Association)	Yiddish	997	4766	4852	328	1555	1600	311	784	847	
isl-ita	Icelandic	Italian	236	1205	1187				4018669	53405811	58407630	
isl-jpn	Icelandic	Japanese	254	1320	255				913754	13574524	2128483	
isl-rus	Icelandic	Russian	426	2487	2205				1890993	21124939	18869753	
isl-spa	Icelandic	Spanish	241	979	982				5513480	70368194	79275996	
ita-ita	Italian	Italian	1000	5982	6272	357	2119	2231	646508	4760347	4760302	
ita-jpn	Italian	Japanese	2665	18226	2683	1099	7560	1100	17358575	195246650	33575842	
ita-lat	Italian	Latin	1716	10233	7904	124	1265	934	294816	2504219	2123913	
ita-lij	Italian	Ligurian	216	1106	1244				6120	49232	51484	
ita-lit	Italian	Lithuanian	225	1252	1046				27339552	526847663	409287157	
ita-msa	Italian	Malay (macrolanguage)	430	2297	2299				23636730	320939296	285460055	
ita-nds	Italian	Low German	314	1635	1783				119379	802077	748476	
ita-nld	Italian	Dutch	2734	13850	14739	6940	35161	37623	91734309	1454440468	1445102576	
ita-nor	Italian	Norwegian	939	7992	7736	11	83	75	32565288	478037228	444143105	
ita-pms	Italian	Piemontese	233	1453	1661				91	1653	2064	
ita-pol	Italian	Polish	1294	7091	6069	1006	5600	4768	64374775	831961766	709528202	
ita-por	Italian	Portuguese	3599	26699	27507	6371	39084	40341	157099014	2248419792	2270107072	
ita-ron	Italian	Romanian	1013	5236	5097	8	41	39	66939184	849788856	854435550	
ita-rus	Italian	Russian	11874	71390	62442	66133	395533	346979	46309983	517773429	443711614	
ita-spa	Italian	Spanish	5000	28907	29307	9634	56004	56645	247394065	3773996621	3990271455	
ita-swe	Italian	Swedish	719	3948	4087	16	62	77	66775172	1139430129	1021964923	
ita-tok	Italian	Toki Pona	215	1196	1899	16	179	230			
ita-tur	Italian	Turkish	10000	69343	39177	5727	39190	22339	39157018	413610695	319701214	
ita-ukr	Italian	Ukrainian	5000	22560	19716	8887	39841	35096	8180346	104042447	86766540	
ita-vie	Italian	Vietnamese	250	1496	1877				15286754	225342123	296514376	
ita-yid	Italian	Yiddish	316	1426	1542	37	179	205	24324	105611	608582	
ita-zho	Italian	Chinese	2943	16302	3006	1019	5835	1030	21301073	238635395	39855996	
jav-jav	Javanese	Javanese	299	1367	327						
jav-msa	Javanese	Malay (macrolanguage)	231	1071	1106				1008999	6861469	7020244	
jbo-jpn	Lojban	Japanese	921	5735	926				304	853	363	
jbo-rus	Lojban	Russian	1199	7959	5456	11	55	36	343	944	690	
jbo-spa	Lojban	Spanish	1507	9686	7787	15	67	64	77	400	281	
jbo-swe	Lojban	Swedish	243	1243	1097				302	774	565	
jbo-zho	Lojban	Chinese	518	3020	524	23	137	25	507	1447	682	
jpn-jpn	Japanese	Japanese	616	622	659				18246	32087	31795	
jpn-kor	Japanese	Korean	653	656	2734	3	3	12	12910538	28740823	120283701	
jpn-lit	Japanese	Lithuanian	249	250	1115				4866288	9128329	43186599	
jpn-mar	Japanese	Marathi	340	340	1575				565222	1329782	8166519	
jpn-msa	Japanese	Malay (macrolanguage)	2644	2651	14005	1192	1211	6403	15060655	27224199	132715448	
jpn-nds	Japanese	Low German	427	431	2451	54	54	357	90551	154542	524982	
jpn-nld	Japanese	Dutch	3443	3475	21865	1125	1138	6939	18847524	33999999	197838606	
jpn-nor	Japanese	Norwegian	1048	1058	7247	15	15	116	7197098	13584280	86602650	
jpn-pol	Japanese	Polish	10018	10030	56996	14812	14829	84733	18316761	32639087	153961647	
jpn-por	Japanese	Portuguese	1943	1965	13117	1245	1264	8462	19286865	37601233	211622443	
jpn-rus	Japanese	Russian	10448	10502	59171	15719	15874	88917	19411793	37657003	177441639	
jpn-spa	Japanese	Spanish	11712	11753	77270	23471	23542	154265	24517283	44733542	275952224	
jpn-swe	Japanese	Swedish	910	920	5832	5	5	29	14277684	21191369	125269240	
jpn-tlh	Japanese	Klingon	676	684	2617				131	377	1420	
jpn-tok	Japanese	Toki Pona	368	376	2972	2	2	13			
jpn-tur	Japanese	Turkish	829	841	3885	4	4	19	18669222	33416598	137377859	
jpn-ukr	Japanese	Ukrainian	465	465	2180	21	21	91	4576692	9583851	47367456	
jpn-vie	Japanese	Vietnamese	1098	1106	9477	622	625	5878	7083577	15304965	109793339	
jpn-zho	Japanese	Chinese	2500	2523	2538	3039	3057	3079	14908595	26884706	26997754	
kab-kab	Kabyle	Kabyle	993	6076	6201	1329	6927	7022			
kab-rus	Kabyle	Russian	438	2201	2269				33304	327095	284552	
kab-spa	Kabyle	Spanish	1000	5503	6413	622	3394	3880	30212	313037	332433	
kat-rus	Georgian	Russian	660	3066	3280	6	27	30	3847285	38593110	46819287	
kaz-rus	Kazakh	Russian	1400	11159	12148	1022	7933	8667	571179	6010583	6672465	
khm-spa	Khmer	Spanish	1472	3031	6993				351533	1899675	6682035	
kor-rus	Korean	Russian	221	884	1103				12246920	96342170	107749246	
kor-spa	Korean	Spanish	942	3969	5684	1	3	4	17097642	149887451	206177711	
kor-zho	Korean	Chinese	417	1802	428				8226696	63580215	19893212	
kur-kur	Kurdish	Kurdish	996	4926	4948	205	1015	1001	70847	407918	407919	
kur-tur	Kurdish	Turkish	322	1608	1135	13	52	49	162981	3278616	1954791	
lad-lat	Ladino	Latin	259	1075	861	33	133	110			
lad-lfn	Ladino	Lingua Franca Nova	452	1886	2004	68	283	295			
lad-spa	Ladino	Spanish	336	1451	1424	25	119	109	18	850	1054	
lad-yid	Ladino	Yiddish	803	3414	3708	84	390	387			
lat-lat	Latin	Latin	251	1245	1247						
lat-lfn	Latin	Lingua Franca Nova	447	1480	2058	71	255	353			
lat-nld	Latin	Dutch	403	1628	2234	9	35	40	91581	745657	1009715	
lat-nor	Latin	Norwegian	333	1388	1838				72089	641842	821076	
lat-pol	Latin	Polish	920	3652	3890				96030	787390	845436	
lat-por	Latin	Portuguese	5001	39152	53489	8904	69306	94821	296939	2115392	2514450	
lat-rus	Latin	Russian	1041	4728	4920	1205	5892	6235	90994	758535	783501	
lat-spa	Latin	Spanish	3129	22360	28359	1248	8576	10916	529344	3698488	4473050	
lat-tlh	Latin	Klingon	268	897	759	30	104	92	15	23	17	
lat-tok	Latin	Toki Pona	253	1639	3224	8	25	43			
lat-ukr	Latin	Ukrainian	392	1467	1583	8	25	26	56845	269704	248423	
lat-yid	Latin	Yiddish	630	2238	3100	78	281	385	10479	22923	92660	
lav-rus	Latvian	Russian	280	1200	1218				13123612	175654307	156046077	
lfn-por	Lingua Franca Nova	Portuguese	1945	22959	21512	1226	13009	11848			
lfn-rus	Lingua Franca Nova	Russian	274	1792	1297	26	212	164			
lfn-spa	Lingua Franca Nova	Spanish	389	2197	2043	46	370	347	7	215	212	
lfn-tlh	Lingua Franca Nova	Klingon	253	1132	740	44	197	134			
lfn-tur	Lingua Franca Nova	Turkish	209	999	670	23	118	84			
lfn-yid	Lingua Franca Nova	Yiddish	993	4924	4898	753	3653	3615			
lit-pol	Lithuanian	Polish	1787	8044	8474	6	23	22	29138566	423508872	466578371	
lit-rus	Lithuanian	Russian	4998	23020	24467	9272	42967	45485	18047224	200300750	216211294	
lit-spa	Lithuanian	Spanish	456	1830	2253	1	4	5	45183984	541984651	738858424	
lit-tur	Lithuanian	Turkish	1472	6538	6006	6	19	16	10996374	90480367	88611169	
ltz-nld	Luxembourgish	Dutch	294	1322	1356	16	76	73	594128	4409427	4699597	
mkd-spa	Macedonian	Spanish	217	844	891	3	17	22	8901426	100376144	109521282	
msa-msa	Malay (macrolanguage)	Malay (macrolanguage)	1000	5699	5693	171	1011	1014	20477305	210627498	210330330	
msa-spa	Malay (macrolanguage)	Spanish	254	1310	1337				55129975	594475065	691899680	
msa-zho	Malay (macrolanguage)	Chinese	420	2645	448	8	42	8	15380741	135176965	26462842	
nds-nld	Low German	Dutch	1657	9727	9636	1028	5920	5871	129248	943503	930061	
nds-por	Low German	Portuguese	208	1055	1015				170076	1214121	1384794	
nds-rus	Low German	Russian	1003	5764	4787	36	212	182	99907	587241	513499	
nds-spa	Low German	Spanish	927	4905	4544				117328	790651	896081	
nld-nld	Dutch	Dutch	1000	5963	6063	1147	6689	6736	1361554	10766840	10762890	
nld-nor	Dutch	Norwegian	205	1280	1216	1	5	5	36766305	513459385	481900520	
nld-pol	Dutch	Polish	1193	7250	5634	1022	6148	4760	80448427	961211223	833582833	
nld-por	Dutch	Portuguese	2668	16032	15458	4882	29710	28395	112550031	1503042407	1535828353	
nld-ron	Dutch	Romanian	2487	15373	13951	1350	8172	7394	53825367	659731820	674116452	
nld-rus	Dutch	Russian	2723	16726	13508	6526	39630	31998	46328595	472192669	415196853	
nld-spa	Dutch	Spanish	10554	70146	65899	18068	119675	112437	137230519	2011862187	2147175432	
nld-tok	Dutch	Toki Pona	763	3579	5077	5	25	46			
nld-tur	Dutch	Turkish	2500	15418	10624	3898	24079	16516	48164735	429354109	339487421	
nld-ukr	Dutch	Ukrainian	10000	49138	40087	5162	25448	20733	8915052	122074892	102514046	
nld-yid	Dutch	Yiddish	257	1265	1322	22	92	98	55258	649053	767680	
nld-zho	Dutch	Chinese	1654	11535	1890	463	2744	463	20490670	199438403	37341476	
nor-nor	Norwegian	Norwegian	982	5532	5519	289	1841	1872	451194	5664238	5659548	
nor-pol	Norwegian	Polish	305	2066	1752				23233255	261001535	241506608	
nor-por	Norwegian	Portuguese	482	3473	3615	3	20	23	39454838	485783312	525867572	
nor-rus	Norwegian	Russian	1279	10091	8763	5	19	21	13035964	116058567	106040668	
nor-spa	Norwegian	Spanish	964	6161	6244	6	32	32	52588719	697686207	789016602	
nor-swe	Norwegian	Swedish	596	3249	3241	4	24	25	44746497	603407967	592773695	
nor-ukr	Norwegian	Ukrainian	674	3683	3206				6189378	86431132	76049629	
nor-zho	Norwegian	Chinese	204	1366	204				8925891	80414919	15927974	
orv-ukr	Old Russian	Ukrainian	973	3992	4224						
oss-rus	Ossetian	Russian	324	1583	1491				59537	490091	485072	
ota-tur	Ottoman Turkish (1500-1928)	Turkish	372	2119	1872	24	134	117			
pol-pol	Polish	Polish	206	944	949				1940940	12742908	12706799	
pol-por	Polish	Portuguese	740	3706	4543				112679497	1083806233	1283123806	
pol-ron	Polish	Romanian	201	866	945				57043671	577815156	695451659	
pol-rus	Polish	Russian	3543	17118	17565	1066	5342	5468	58582697	509518427	518409603	
pol-spa	Polish	Spanish	2754	13702	16243	5075	25773	30627	108422276	1140704423	1399729949	
pol-swe	Polish	Swedish	1392	6510	7798	61	224	263	64907489	760865617	792824746	
pol-tok	Polish	Toki Pona	214	1478	2664						
pol-tur	Polish	Turkish	913	4469	3971				51040052	374954507	349116450	
pol-ukr	Polish	Ukrainian	2706	11176	11454	6898	27996	28750	11773783	139823626	138970441	
pol-zho	Polish	Chinese	1004	5429	1012	2	11	2	20004851	152753977	36847704	
por-por	Portuguese	Portuguese	2500	16799	16318	4783	31951	30979	44495182	324940189	324890888	
por-ron	Portuguese	Romanian	757	4298	4210	31	161	150	90988564	1025290080	1039014561	
por-rus	Portuguese	Russian	10797	69927	58266	10050	65095	54016	69138805	843205213	726642810	
por-spa	Portuguese	Spanish	11875	83452	83335	56853	373767	373214	338247062	5045068645	5265684325	
por-swe	Portuguese	Swedish	323	1692	1612	13	77	68	90547760	1285175583	1140482523	
por-tgl	Portuguese	Tagalog	1777	10677	11473	3	17	16	2296650	32457112	35828948	
por-tok	Portuguese	Toki Pona	1719	11414	16030	1023	8613	12958			
por-tur	Portuguese	Turkish	1794	9860	7254	76	500	365	79208095	677244614	529742537	
por-ukr	Portuguese	Ukrainian	3372	17495	14867	1069	5671	4802	11436463	166848064	138662558	
por-yid	Portuguese	Yiddish	253	1295	1354	22	116	119	23367	89882	518435	
por-zho	Portuguese	Chinese	1052	5933	1066	3	19	3	36244863	369502377	66217050	
ron-rus	Romanian	Russian	802	3966	3603	7	28	24	21542856	185811100	161797378	
ron-spa	Romanian	Spanish	1959	10242	10415	115	694	676	112769744	1369471211	1418224592	
ron-tur	Romanian	Turkish	2495	16126	11231	1023	6558	4505	38595534	337112748	254956454	
run-rus	Rundi	Russian	1251	3721	5103	9	30	41	344585	5054748	4489425	
run-spa	Rundi	Spanish	963	2857	4132	2	7	9	343354	5124091	5910403	
rus-rus	Russian	Russian	2500	13312	13464	1503	8425	8631	617301	17689927	13394272	
rus-sah	Russian	Yakut	994	5075	3851				5953	88413	70581	
rus-slv	Russian	Slovenian	707	3401	3315	45	223	209	23459454	201876567	202612644	
rus-spa	Russian	Spanish	11867	62517	71143	86903	462151	526898	111138411	1590871489	1994264881	
rus-swe	Russian	Swedish	1282	6049	7022	68	321	375	31408868	267228270	281195140	
rus-tat	Russian	Tatar	2138	18367	17042	1159	9137	8511	1067949	12244604	11066793	
rus-tlh	Russian	Klingon	262	1048	750	6	22	18	133	2119	1310	
rus-tok	Russian	Toki Pona	994	4662	7430	20	135	215			
rus-tur	Russian	Turkish	5000	26641	22885	6439	35148	30020	35352052	323543452	311434626	
rus-uig	Russian	Uighur	536	2691	2303				50345	2004338	1117189	
rus-ukr	Russian	Ukrainian	10000	47786	47628	7667	37256	37140	34212183	481961051	477921576	
rus-vie	Russian	Vietnamese	313	1740	2192	1	12	17	14986395	176649255	269960683	
rus-xal	Russian	Kalmyk	209	1076	1013				25	46	41	
rus-yid	Russian	Yiddish	284	1117	1501	24	87	117	20133	75774	570250	
rus-zho	Russian	Chinese	2500	13724	2526	4867	26594	4966	41647108	654192151	72866276	
slv-ukr	Slovenian	Ukrainian	926	3224	3281	49	203	204	7719805	80903360	76359258	
slv-zho	Slovenian	Chinese	826	3881	829				10956062	75744011	19050994	
spa-spa	Spanish	Spanish	2500	18308	18372	3069	23094	23284	4835216	37172205	37141348	
spa-swe	Spanish	Swedish	1351	6783	6919	254	1358	1482	95280237	1458454848	1235630742	
spa-tat	Spanish	Tatar	446	2001	1527	4	98	64	259724	4118494	3015866	
spa-tgl	Spanish	Tagalog	1000	5671	6026	342	2144	2300	2536684	37637271	39700264	
spa-tlh	Spanish	Klingon	348	1614	1050	10	43	31	145	2525	1435	
spa-tok	Spanish	Toki Pona	870	4499	6773	31	307	386			
spa-tur	Spanish	Turkish	11301	62418	47455	18213	97772	74811	62050292	571710264	433692692	
spa-ukr	Spanish	Ukrainian	10233	49018	43251	12969	62803	55076	16821154	251761178	200642209	
spa-vie	Spanish	Vietnamese	594	3156	4017	8	33	31	40638094	508855522	634004529	
spa-yid	Spanish	Yiddish	710	3530	3762	43	247	266	23063	88177	549997	
spa-zho	Spanish	Chinese	2797	15022	2830	6923	38231	7014	58565593	1097575787	101497358	
swe-swe	Swedish	Swedish	1053	5749	5952				341432	2375757	2363608	
swe-tur	Swedish	Turkish	233	1275	880	6	25	19	34050629	286239968	244844065	
swe-zho	Swedish	Chinese	1066	5189	1068	2	17	2	15809901	136391284	28812365	
tat-tur	Tatar	Turkish	539	2341	2221	2	9	9	323076	4285873	3914735	
tat-vie	Tatar	Vietnamese	287	1432	1999				224186	2729611	4596710	
tlh-yid	Klingon	Yiddish	408	1138	1794	49	151	233	3	3	4	
tlh-zho	Klingon	Chinese	448	1477	461	1	4	1	119	816	271	
tok-tok	Toki Pona	Toki Pona	234	2211	2149						
tok-yid	Toki Pona	Yiddish	358	2542	1711	17	151	133			
tur-tur	Turkish	Turkish	2500	10426	10418	1494	6365	6428	1976047	18043439	17845108	
tur-uig	Turkish	Uighur	1400	6421	6252	1034	4733	4664	58242	1038548	1292825	
tur-ukr	Turkish	Ukrainian	2540	9159	10235	6722	23932	27061	5543716	45909187	48923156	
tur-uzb	Turkish	Uzbek	265	948	953	15	63	57	437964	4309748	4357086	
tur-yid	Turkish	Yiddish	200	671	979	26	95	143	21640	63435	373122	
tur-zho	Turkish	Chinese	986	3700	991	19	73	21	19781955	129293005	35991819	
uig-zho	Uighur	Chinese	1929	8649	1980				19085	261009	27226	
ukr-ukr	Ukrainian	Ukrainian	831	3352	3286				1921	12597	12749	
ukr-zho	Ukrainian	Chinese	1575	7198	1589	1	4	1	4090645	34864580	7837919	
vie-vie	Vietnamese	Vietnamese	552	5658	5786				17294	162880	158321	
vie-zho	Vietnamese	Chinese	442	4120	456	4	32	4	10781289	169063050	19588532	
yid-yid	Yiddish	Yiddish	376	1924	1936						
zho-zho	Chinese	Chinese	3246	3283	3353	5810	5860	5861	8858051	14478292	14484945	
