afr-deu	Afrikaans	German	1583	7816	7355	1	13	10	5404300	71314303	67186386	
afr-eng	Afrikaans	English	1374	8813	8101	1007	6406	5912	11997779	143424614	138368417	
afr-epo	Afrikaans	Esperanto	1116	7134	6129	1	5	3	231397	1641694	1485871	
afr-nld	Afrikaans	Dutch	1056	5695	5572				4086174	57136438	56607131	
afr-rus	Afrikaans	Russian	228	1134	938				1652781	27322838	22092227	
afr-spa	Afrikaans	Spanish	448	2549	2282				2000987	31611079	32380284	
ain-fin	Ainu (Japan)	Finnish	206	938	835						
ara-ber	Arabic	Berber languages	2317	10321	11123	1032	4646	5055	4	20	9	
ara-deu	Arabic	German	1209	5388	6880	1029	4590	5863	35746632	416553186	440897090	
ara-ell	Arabic	Modern Greek (1453-)	426	1363	1551				28374699	218087000	242754299	
ara-eng	Arabic	English	10305	52290	65058	19529	99143	123382	126590524	1866870875	2099273844	
ara-epo	Arabic	Esperanto	753	3078	3820	94	406	509	1234097	12861799	14264895	
ara-fra	Arabic	French	1569	6780	9641	36	174	256	80204592	1265973151	1653047128	
ara-heb	Arabic	Hebrew	1208	5301	5440	91	395	413	26812456	195010978	185645725	
ara-ita	Arabic	Italian	235	978	1232	11	33	49	36352000	378524073	436659857	
ara-jpn	Arabic	Japanese	1336	5945	1337	6	34	6	10789186	108702698	23544558	
ara-pol	Arabic	Polish	207	848	923				36355468	325017188	306312756	
ara-rus	Arabic	Russian	3715	15750	17317	1209	5253	5754	60875366	952577577	958759425	
ara-spa	Arabic	Spanish	1511	6311	8031	1031	4373	5483	96933291	1331280408	1681698130	
ara-tur	Arabic	Turkish	1263	6038	5439	52	238	274	37609476	308029411	273235027	
avk-fra	Kotava	French	1244	6557	9181	43	187	262	3	30	140	
avk-spa	Kotava	Spanish	275	1145	1353						
awa-eng	Awadhi	English	279	1087	1042				1	47	56	
aze-eng	Azerbaijani	English	2659	10046	13295	1012	3847	5131	3233365	31272775	39736829	
aze-spa	Azerbaijani	Spanish	210	684	923	1	5	7	826372	7582451	9791012	
aze-tur	Azerbaijani	Turkish	1150	4253	4195	15	72	73	2598020	25973235	24677345	
bel-deu	Belarusian	German	551	2842	3429	1	3	3	1322056	22601878	15927683	
bel-eng	Belarusian	English	2500	12908	15535	4265	22158	26573	3641197	59847996	41011262	
bel-epo	Belarusian	Esperanto	735	3962	4483	15	58	69	226049	1074611	1173506	
bel-fra	Belarusian	French	283	1356	1743				691661	8524540	10581715	
bel-ita	Belarusian	Italian	264	1187	1375				985660	15443195	13142491	
bel-lat	Belarusian	Latin	222	956	901				33455	93526	114764	
bel-nld	Belarusian	Dutch	606	3194	4032				846296	12442435	11234441	
bel-pol	Belarusian	Polish	287	1375	1357				2948821	34081199	37145835	
bel-rus	Belarusian	Russian	2500	15122	15162	2754	16813	16869	4782456	60246390	65643555	
bel-spa	Belarusian	Spanish	205	982	1136				825477	8878533	10996772	
bel-ukr	Belarusian	Ukrainian	2355	12053	12024	1021	5044	5039	1816968	19675300	19770617	
bel-zho	Belarusian	Chinese	325	1480	329				390990	2515518	989527	
ben-eng	Bengali	English	2500	10942	11321	2648	11535	12106	17730303	161092183	170841031	
ber-deu	Berber languages	German	661	3280	3813				5	11	25	
ber-eng	Berber languages	English	10964	59517	67232	108422	590231	673066	72	304	375	
ber-epo	Berber languages	Esperanto	1576	7992	9364	12	51	54	5	11	22	
ber-fra	Berber languages	French	10144	41403	56017	34705	140107	190877	2	5	6	
ber-spa	Berber languages	Spanish	10016	52507	56595	14044	73889	78952	5	11	29	
bre-eng	Breton	English	383	1864	1644				1020160	10130793	7226151	
bre-fra	Breton	French	2494	11924	11290	3060	15204	14281	266235	1984951	1974128	
bua-rus	Buriat	Russian	806	2807	2893				1065	8762	10744	
bul-bul	Bulgarian	Bulgarian	219	1078	1101				14416303	73710878	73712024	
bul-deu	Bulgarian	German	314	1629	1815				46013912	584693753	582230440	
bul-eng	Bulgarian	English	10000	56740	60705	7800	44031	47142	109171589	1313308870	1379176884	
bul-epo	Bulgarian	Esperanto	570	3233	3324	1	8	6	1450480	15176976	15217385	
bul-fra	Bulgarian	French	446	2698	3206				44520076	451315494	508355338	
bul-ita	Bulgarian	Italian	2500	13344	14074	4006	21635	22681	44334610	535054645	569165971	
bul-jpn	Bulgarian	Japanese	321	1952	324	2	10	2	8114217	81560017	15334021	
bul-rus	Bulgarian	Russian	1247	6556	6155	1000	5175	4800	49589532	511912321	467628325	
bul-spa	Bulgarian	Spanish	286	1359	1460				52378053	493302311	549901572	
bul-tur	Bulgarian	Turkish	834	5261	3994	1	5	5	36521635	253119862	215627396	
bul-ukr	Bulgarian	Ukrainian	1020	4047	3775				10889657	120582999	107334157	
bul-zho	Bulgarian	Chinese	416	2548	423				16197275	126948444	27578654	
cat-deu	Catalan	German	723	4674	4713	2	9	10	2266984	30765140	27118309	
cat-eng	Catalan	English	1631	10387	10625	228	1966	1908	29496611	430720129	406175328	
cat-epo	Catalan	Esperanto	772	4870	4648	7	46	41	1217119	13543115	12207828	
cat-fra	Catalan	French	700	4518	4933	2	9	12	25575384	291007840	298678412	
cat-ita	Catalan	Italian	298	1773	1692				12842701	151683614	145064904	
cat-nld	Catalan	Dutch	578	3280	3488	2	9	10	2036970	25250776	23463677	
cat-por	Catalan	Portuguese	747	5249	5201	3	13	17	14773751	175087010	168592147	
cat-spa	Catalan	Spanish	1534	10548	10282	1294	9205	8979	155036058	2849455280	2858769729	
cat-ukr	Catalan	Ukrainian	456	2149	1884				2241110	26978899	21924803	
cbk-eng	Chavacano	English	1498	8879	8303	1001	5903	5612	16	292	252	
ceb-deu	Cebuano	German	903	5324	6145				1278923	19370746	17836464	
ceb-eng	Cebuano	English	378	1678	1873				1279479	19784057	18521119	
ces-deu	Czech	German	3490	18205	22412	1127	6056	7506	73708754	861457011	945601029	
ces-eng	Czech	English	13824	72999	89597	16189	85061	104351	171935414	1860284946	2117643902	
ces-epo	Czech	Esperanto	3471	17560	20418	1058	5202	6088	2124218	18568224	20639766	
ces-fra	Czech	French	438	2151	2910	5	15	19	82332401	833080816	1032836291	
ces-hun	Czech	Hungarian	1911	8244	7922	114	469	443	57434476	545388408	525829437	
ces-ita	Czech	Italian	1099	5599	6627	1	3	5	54876556	540418835	629216521	
ces-lat	Czech	Latin	323	1446	1356	1	3	4	93751	851010	787300	
ces-pol	Czech	Polish	568	2688	2718	3	11	13	82803948	775652557	769035402	
ces-rus	Czech	Russian	2934	13212	14102	5466	24606	26200	49955853	417151582	419889499	
ces-slv	Czech	Slovenian	489	1906	1955	17	69	72	36545653	395482921	398049348	
ces-spa	Czech	Spanish	1807	8931	10620	134	608	705	92655594	900569132	1100870217	
ces-ukr	Czech	Ukrainian	1787	6527	6842	1114	4187	4414	7651457	84995790	83634672	
cha-eng	Chamorro	English	227	774	898				12988	240777	265653	
chm-rus	Mari (Russia)	Russian	2750	15104	16269	1000	5305	5720	3973	14606	14943	
chv-eng	Chuvash	English	336	1369	1890				78523	897748	1225884	
chv-rus	Chuvash	Russian	382	1556	1799				81295	990835	996701	
chv-tur	Chuvash	Turkish	508	2070	2047				79787	959659	935474	
cor-deu	Cornish	German	821	3855	3732				983	4520	4376	
cor-eng	Cornish	English	3198	14464	13500	1000	4601	4272	4889	23684	25129	
cor-epo	Cornish	Esperanto	663	3026	2877				1151	4757	4511	
cor-fra	Cornish	French	555	2560	2614				1190	5646	6422	
cor-ita	Cornish	Italian	287	1211	1079				1223	5700	5974	
cor-rus	Cornish	Russian	218	959	820				1385	5978	5442	
cor-spa	Cornish	Spanish	206	944	847				1283	5853	6387	
crh-tur	Crimean Tatar	Turkish	208	824	794				18202	84975	83716	
cym-eng	Welsh	English	818	5073	4618	19	122	115	2343465	18787525	18184731	
dan-dan	Danish	Danish	212	1367	1386				4700694	26780442	26779838	
dan-deu	Danish	German	9998	62514	63040	6921	43733	44156	66857588	960329852	962899158	
dan-eng	Danish	English	10795	66698	67183	20089	123471	124078	132853159	1782200648	1868932169	
dan-epo	Danish	Esperanto	11069	66844	63473	19236	117228	111170	1597423	15444665	15262813	
dan-fin	Danish	Finnish	2665	13452	11009	1743	9694	7870	38934546	536282131	407294308	
dan-fra	Danish	French	1731	9307	10245	45	341	389	63194534	923658354	1059815188	
dan-ita	Danish	Italian	284	1864	1874	4	16	18	50887929	782654785	845260290	
dan-jpn	Danish	Japanese	904	4870	909	10	62	10	8199889	97192205	15847249	
dan-nld	Danish	Dutch	1643	8485	8952	36	184	198	56709329	828030426	891799410	
dan-nor	Danish	Norwegian	1311	8343	8216	1017	6437	6392	39038808	509150599	504233747	
dan-por	Danish	Portuguese	873	4265	4353	4	33	24	64218680	832630596	910433465	
dan-rus	Danish	Russian	1713	9788	8376	1020	5720	4980	19286598	180796971	164299395	
dan-spa	Danish	Spanish	5000	30181	29832	5136	31355	30912	66865377	950618808	1092176027	
dan-swe	Danish	Swedish	1549	8492	8374	1440	7859	7730	56372864	806494684	787875212	
dan-tur	Danish	Turkish	758	3485	2627	4	16	12	20743995	187767347	153711436	
deu-deu	German	German	2500	17212	17358	2115	14324	14560	4574760	27145368	27101195	
deu-dsb	German	Lower Sorbian	640	3696	3203	1	5	5	24655	209250	201906	
deu-ell	German	Modern Greek (1453-)	2500	14008	12753	2801	15930	14670	62266768	850843345	890276511	
deu-eng	German	English	17565	126272	127624	289779	2004590	2005962	582899212	8537156462	8995953085	
deu-epo	German	Esperanto	13439	111705	104869	221681	1735735	1622605	5266759	55673452	54422182	
deu-est	German	Estonian	244	1319	1120	1	6	4	34366655	468203581	373851503	
deu-eus	German	Basque	456	2742	2290				1027193	6198633	5104272	
deu-fas	German	Persian	3185	21330	21895	1025	6827	7049	13516810	153258831	177624395	
deu-fin	German	Finnish	2647	15846	11934	7142	42630	32133	55548870	747239474	562776560	
deu-fra	German	French	12418	83402	90441	98158	659086	710892	242670995	3764031175	4328760228	
deu-frr	German	Northern Frisian	278	1557	1535						
deu-gos	German	Gronings	207	918	892	6	29	25			
deu-hbs	German	Serbo-Croatian	1959	12825	11347	9	59	52	63556080	634416389	574391476	
deu-heb	German	Hebrew	3090	20905	16487	1125	7647	6077	24149594	220217077	181855656	
deu-hrx	German	Hunsrik	471	2261	2184						
deu-hsb	German	Upper Sorbian	666	3955	3333	1	5	5	35911	258946	242865	
deu-hun	German	Hungarian	15342	105399	83444	54083	363033	290581	57470609	732710056	648655101	
deu-ido	German	Ido	871	4250	4106	96	419	404	6044	12848	14087	
deu-ile	German	Interlingue	2003	9790	10133	1372	6540	6818	3	35	76	
deu-ina	German	Interlingua (International Auxiliary Language Association)	1257	9764	10569	115	569	598	25730	165708	180995	
deu-isl	German	Icelandic	969	5110	4879	19	159	136	7534706	82794649	81510210	
deu-ita	German	Italian	10094	66361	63705	12198	79958	76585	149228324	2382786075	2572173165	
deu-jbo	German	Lojban	1449	8454	9715	6	25	38	427	798	1182	
deu-jpn	German	Japanese	11428	81824	11503	29868	214867	30124	22071648	234624091	41840288	
deu-kab	German	Kabyle	373	1947	1660	8	47	33	29285	305436	306909	
deu-kor	German	Korean	1104	7431	5307	9	76	55	14391527	162529265	133792332	
deu-kur	German	Kurdish	237	1138	1058	12	57	58	154476	1695463	2070921	
deu-lad	German	Ladino	220	939	907	28	116	131			
deu-lat	German	Latin	2016	10773	8116	1102	6116	4617	91180	1021266	826668	
deu-lfn	German	Lingua Franca Nova	418	2843	3277	54	340	389			
deu-lit	German	Lithuanian	1115	7056	5615	355	1832	1566	29078892	437353164	371393927	
deu-ltz	German	Luxembourgish	347	1765	1762	4	21	21	584394	6452022	10846641	
deu-msa	German	Malay (macrolanguage)	544	3548	3183	2	41	34	34554754	414319167	397182746	
deu-nds	German	Low German	9999	62145	63862	7843	49335	50807	187895	1444784	1510915	
deu-nld	German	Dutch	10218	61174	63510	26387	157718	163499	136798789	1950628281	2076937251	
deu-nor	German	Norwegian	3651	29080	28408	1001	7756	7564	46122783	592165682	579691226	
deu-pol	German	Polish	5000	31008	25467	5701	35327	28930	93422130	1163611800	1071699970	
deu-por	German	Portuguese	10000	67116	68443	7045	48959	49912	138805696	1956219431	2125883381	
deu-ron	German	Romanian	1141	6409	6093	1013	5646	5398	54396800	690803557	746488941	
deu-run	German	Rundi	1752	8475	5109	1191	6280	3866	360957	5761395	5241168	
deu-rus	German	Russian	12800	81626	69651	100323	629710	536786	70387523	922069969	843611782	
deu-slv	German	Slovenian	492	2385	1963	7	35	26	40879856	545990314	504181024	
deu-spa	German	Spanish	10521	71958	70065	75061	507740	495821	212444622	3239969549	3695062902	
deu-swe	German	Swedish	3410	19330	19001	1126	6371	6241	83271324	1163304506	1124198356	
deu-swg	German	Swabian	1523	13079	12897	162	1242	1234			
deu-tat	German	Tatar	2501	21692	17487	3465	29832	24000	293645	4449626	3572156	
deu-tgl	German	Tagalog	326	2041	1965				3265457	41424687	47753588	
deu-tlh	German	Klingon	1099	6292	3573	1035	5804	3343	123	2058	1291	
deu-toki	German	Toki Pona	10114	63617	96864	13817	85800	130707			
deu-tur	German	Turkish	5000	32186	23099	7277	46393	33331	44783818	462268910	380229775	
deu-ukr	German	Ukrainian	10319	52559	44058	11721	59016	49648	11376817	145471904	127922368	
deu-vie	German	Vietnamese	400	2700	3250				19580930	245710452	344836549	
deu-vol	German	Volapük	206	1043	780	7	32	33	1	72	13	
deu-yid	German	Yiddish	853	4178	4414	121	658	746	83240	919363	1160842	
deu-zho	German	Chinese	3944	24822	3992	6838	43798	6948	27292037	297542725	49136194	
dsb-hsb	Lower Sorbian	Upper Sorbian	331	939	926				28984	223540	220864	
dsb-slv	Lower Sorbian	Slovenian	330	1013	1034				29031	221693	218100	
dtp-eng	Kadazan Dusun	English	1927	11430	11485	1012	6290	6183			
dtp-jpn	Kadazan Dusun	Japanese	251	1361	251						
dtp-msa	Kadazan Dusun	Malay (macrolanguage)	517	3913	3551	7	49	45			
egl-ita	Emilian	Italian	202	863	784						
ell-ell	Modern Greek (1453-)	Modern Greek (1453-)	533	2611	2627				45907853	243082323	243035661	
ell-eng	Modern Greek (1453-)	English	10899	55032	56764	12920	62833	64695	147932024	1961516899	1966367206	
ell-epo	Modern Greek (1453-)	Esperanto	604	3256	3139	5	26	26	1610179	17443498	16384612	
ell-fra	Modern Greek (1453-)	French	1506	7324	8420	10	55	66	93398426	1124492062	1222737648	
ell-ita	Modern Greek (1453-)	Italian	424	1956	2007				58470238	803131547	823985092	
ell-nld	Modern Greek (1453-)	Dutch	922	6485	7143	67	508	544	58147304	734688804	761892644	
ell-por	Modern Greek (1453-)	Portuguese	885	3934	4161	23	104	113	103939019	1064247788	1105260035	
ell-rus	Modern Greek (1453-)	Russian	2500	13195	11573	2532	13263	11539	33094232	339561886	298242322	
ell-spa	Modern Greek (1453-)	Spanish	1829	8405	8756	1005	4652	4830	102869700	1198655864	1289947014	
ell-swe	Modern Greek (1453-)	Swedish	253	1159	1210				38640662	531104897	487228256	
ell-tur	Modern Greek (1453-)	Turkish	1469	7418	5505	109	487	370	43847517	322051696	261187004	
eng-eng	English	English	12062	100861	102277	96608	812315	828924	540486918	3182711541	3181125520	
eng-epo	English	Esperanto	17675	120742	113285	241675	1637988	1528466	17630279	247364531	237099603	
eng-est	English	Estonian	1359	7295	6373	1096	6029	5260	59607889	788399599	602985124	
eng-eus	English	Basque	1060	6861	5823	1001	6617	5524	12196006	98950845	79883246	
eng-fao	English	Faroese	294	1631	1564	1	4	4	56593	508624	417650	
eng-fas	English	Persian	3762	26914	27590	1031	7344	7593	40786833	529138383	586211764	
eng-fin	English	Finnish	10690	67873	51957	69896	437901	335639	103531791	1325363772	952628581	
eng-fra	English	French	12681	86600	94233	251749	1665185	1802220	747876036	12938148460	14330328349	
eng-fry	English	Western Frisian	220	1291	1322	2	6	6	778751	4945655	5303398	
eng-gla	English	Scottish Gaelic	955	5337	6121				220810	1511440	1147334	
eng-gle	English	Irish	1913	9141	10094	27	155	166	4076822	58408962	74424700	
eng-glg	English	Galician	1015	7218	6697	3	17	16	14723137	150062311	149423868	
eng-gos	English	Gronings	1154	4330	4250	96	494	487			
eng-got	English	Gothic	202	846	673				53	1594	864	
eng-grc	English	Ancient Greek (to 1453)	614	4502	3350	6	28	28	36	611	103	
eng-gsw	English	Swiss German	205	770	761	3	13	18	55	1129	909	
eng-hbs	English	Serbo-Croatian	10017	57685	52645	14206	86842	79949	159611854	1591827269	1385422828	
eng-heb	English	Hebrew	10519	65607	51793	153571	956210	754018	62390511	613486154	489298417	
eng-hin	English	Hindi	5000	28315	31361	5944	33609	37316	26203459	338350248	392701068	
eng-hoc	English	Ho	660	2827	1894						
eng-hrx	English	Hunsrik	221	978	1028						
eng-hun	English	Hungarian	13037	79504	62340	97144	568474	449917	113408329	1321977914	1108361115	
eng-hye	English	Armenian	1121	3888	3852	1000	3556	3535	1393027	22833420	19893688	
eng-ido	English	Ido	1960	11842	10789	1483	8666	8023	54074	255480	245969	
eng-ile	English	Interlingue	1711	8607	8832	1108	5606	5761	220	1725	1237	
eng-ilo	English	Iloko	1093	6184	6040	1000	5647	5433	1259734	18818179	20393963	
eng-ina	English	Interlingua (International Auxiliary Language Association)	4988	36505	38263	6234	44104	46079	74324	436141	472593	
eng-isl	English	Icelandic	2503	16882	16309	6938	46615	45100	18935522	206610410	197255332	
eng-ita	English	Italian	17320	99696	96793	472974	2669685	2585368	332003631	5475175712	5554855853	
eng-jav	English	Javanese	262	1539	1342	2	20	17	1993438	12480530	7764181	
eng-jbo	English	Lojban	4996	28565	33556	6940	40087	47265	1578	3593	4762	
eng-jpn	English	Japanese	13862	105746	13911	194065	1502352	194609	60849617	666616915	117768510	
eng-kab	English	Kabyle	12142	64588	56114	14439	72838	63772	83678	736103	734476	
eng-kat	English	Georgian	984	4899	3360	18	98	70	2026943	31045858	24342185	
eng-kaz	English	Kazakh	403	2207	1691	3	13	10	1060530	11716227	9422235	
eng-kha	English	Khasi	1314	6985	7819	20	130	177			
eng-khm	English	Khmer	726	3425	1566				815971	11578309	4334302	
eng-kor	English	Korean	2400	14870	10578	1041	6559	4732	34482796	410251872	326777567	
eng-kur	English	Kurdish	442	2204	2114	80	427	393	401123	4611005	5204156	
eng-kzj	English	Coastal Kadazan	1169	8248	8418						
eng-lad	English	Ladino	768	3355	3272	58	224	254	12	247	276	
eng-lat	English	Latin	10298	83536	60635	14036	114476	83208	1103779	8494917	7055312	
eng-lav	English	Latvian	1631	9273	7915	3	23	22	41742167	620364535	570478538	
eng-lfn	English	Lingua Franca Nova	3297	18425	20631	3706	23624	25842	23	403	442	
eng-lit	English	Lithuanian	2528	15036	12035	5643	33590	26618	49895503	730057001	590186612	
eng-ltz	English	Luxembourgish	293	1453	1431	4	15	14	9546015	146556603	321744553	
eng-mal	English	Malayalam	802	4700	3459				9071279	88793035	58463957	
eng-mar	English	Marathi	10396	55965	49675	43058	230342	204540	4475328	40471450	36638428	
eng-mkd	English	Macedonian	10010	54900	51295	70319	387013	361882	17720716	214570520	207767474	
eng-mlt	English	Maltese	203	935	673	1	6	3	8482666	156751263	139264703	
eng-mon	English	Mongolian	415	2802	2437	23	194	157	793158	8836860	7478058	
eng-mri	English	Maori	366	2330	3317	3	10	12	245863	3469726	4285998	
eng-msa	English	Malay (macrolanguage)	5000	31183	27896	6893	43786	39263	115696959	1622668181	1488747849	
eng-mya	English	Burmese	216	1427	1196				813066	16475133	7070479	
eng-nds	English	Low German	2500	14803	15228	3221	19245	19792	602234	2697514	2612504	
eng-nld	English	Dutch	12696	75604	77661	62387	367039	378888	272141200	3780638881	3804496291	
eng-nor	English	Norwegian	5000	34479	33820	5707	38831	38201	128202505	1697176615	1609473503	
eng-nov	English	Novial	217	1139	1129	14	59	61	1	26	2	
eng-nst	English	Tase Naga	805	3823	4871						
eng-oci	English	Occitan (post 1500)	841	4376	4498				1532613	9793290	9705502	
eng-orv	English	Old Russian	322	1713	1364						
eng-ota	English	Ottoman Turkish (1500-1928)	688	3664	3386	12	81	72			
eng-pam	English	Pampanga	1000	5621	4989	494	2851	2504	30	78	64	
eng-pms	English	Piemontese	269	1711	1906				140	721	741	
eng-pol	English	Polish	10099	64401	52700	44189	281683	230039	187862997	2525199412	2201632930	
eng-por	English	Portuguese	13222	89442	89253	204462	1296582	1297175	400271909	6043609068	6205052812	
eng-prg	English	Prussian	213	1410	1243						
eng-que	English	Quechua	257	1379	761				157573	2559248	1587081	
eng-rom	English	Romany	706	3961	4494				24402	449747	460547	
eng-ron	English	Romanian	5508	34440	34144	9661	62174	61679	137409800	1764446898	1811553526	
eng-run	English	Rundi	1703	8221	4930	3	29	17	380555	5921529	5293815	
eng-rus	English	Russian	19425	125308	107393	504174	3130006	2706670	217612504	3516287161	3069846990	
eng-slv	English	Slovenian	2495	14074	11554	1610	9316	7677	67362056	869479210	758357524	
eng-spa	English	Spanish	16583	117509	114251	197532	1347308	1306416	952526014	16070767452	17650774645	
eng-sqi	English	Albanian	1109	6794	6962	2	11	11	29479902	360936613	381402961	
eng-swa	English	Swahili (macrolanguage)	387	2001	1363	3	17	21	9366710	113738632	104332681	
eng-swe	English	Swedish	10362	57100	56925	15558	85524	85248	162176758	2226038112	2068228585	
eng-tam	English	Tamil	311	1787	1364				9461564	107211150	75429747	
eng-tat	English	Tatar	1451	9447	6996	4	34	22	420560	6502888	5395745	
eng-tel	English	Telugu	261	1401	1085				1089331	16413310	12802403	
eng-tgl	English	Tagalog	2500	15302	14955	4796	29378	28759	8656962	83077012	91906703	
eng-tha	English	Thai	1154	6168	1347	1	5	1	15527865	192422232	68875693	
eng-tlh	English	Klingon	5000	27391	15764	8420	46003	26510	184	2418	1484	
eng-toki	English	Toki Pona	4990	27998	42218	8702	50178	74589			
eng-tuk	English	Turkmen	2500	16260	12809	3866	25388	20021	182856	2106166	1547579	
eng-tur	English	Turkish	13907	93511	68529	658320	4370759	3225011	108218954	1159808466	901411294	
eng-tzl	English	Talossan	201	687	615	20	80	95			
eng-uig	English	Uighur	3024	19231	13084	1006	6349	4367	142957	2666557	2398811	
eng-ukr	English	Ukrainian	13127	74304	64092	159487	885390	765860	33956793	469526298	399909178	
eng-urd	English	Urdu	1663	10180	12106	1	6	5	8949903	112674724	136874205	
eng-uzb	English	Uzbek	458	2189	1518	1	4	3	391959	3600543	3119091	
eng-vie	English	Vietnamese	2500	17313	21591	3135	21894	27557	66952989	991394392	1350842889	
eng-vol	English	Volapük	1541	8149	6093	1258	6589	5036	73	1375	441	
eng-war	English	Waray (Philippines)	1512	9630	9364	1	6	5	264715	4269097	4807544	
eng-xal	English	Kalmyk	281	1726	1366				108	196	172	
eng-yid	English	Yiddish	2483	12632	13594	1892	9827	10546	257688	1420651	1641930	
eng-zho	English	Chinese	10390	73301	10616	43075	304362	43930	129323178	1970653807	222614714	
eng-zza	English	Zaza	529	2557	2416	5	25	22	174	4080	1812	
epo-epo	Esperanto	Esperanto	10000	60347	60394	9676	59091	59140	9538	45005	44997	
epo-fas	Esperanto	Persian	2514	15362	17901	7430	45396	52342	1137027	10470867	12065319	
epo-fin	Esperanto	Finnish	2862	15296	12426	1047	5598	4530	1534419	13665110	10835060	
epo-fra	Esperanto	French	12168	78068	90747	287548	1834039	2127992	5959738	64071206	71132570	
epo-glg	Esperanto	Galician	329	1889	1892	5	31	38	386679	1760459	1999817	
epo-hbs	Esperanto	Serbo-Croatian	2500	15216	14876	2802	16899	16561	2612660	22512504	21056325	
epo-heb	Esperanto	Hebrew	10368	66740	55509	19607	126955	105465	1255873	10177414	8381825	
epo-hun	Esperanto	Hungarian	10094	63986	53006	28756	181892	151662	1613081	14694874	12923451	
epo-ido	Esperanto	Ido	1183	6325	6295	417	1858	1842	18059	48659	49045	
epo-ile	Esperanto	Interlingue	316	1333	1426	23	95	101			
epo-ina	Esperanto	Interlingua (International Auxiliary Language Association)	2644	17723	19883	1448	8786	9828	18279	85052	93499	
epo-isl	Esperanto	Icelandic	233	1248	1301				277717	1495241	1435518	
epo-ita	Esperanto	Italian	10303	57334	57390	40619	221800	222099	3027527	33504756	34906772	
epo-jbo	Esperanto	Lojban	1167	6044	7229	10	93	147	332	624	829	
epo-jpn	Esperanto	Japanese	3477	20955	3481	6412	38317	6436	387212	1695483	736034	
epo-lad	Esperanto	Ladino	366	1605	1653	52	205	219	12	101	118	
epo-lat	Esperanto	Latin	2800	34062	25214	5980	76518	56743	83374	796853	668996	
epo-lfn	Esperanto	Lingua Franca Nova	997	4839	5583	263	1441	1635	6	41	40	
epo-lit	Esperanto	Lithuanian	11511	66058	56849	10429	58107	50279	1093148	9570521	8012938	
epo-nds	Esperanto	Low German	2536	14209	15218	1181	6749	7183	138394	460611	492113	
epo-nld	Esperanto	Dutch	12841	75725	85225	80837	478383	540109	2619413	25109511	26862719	
epo-nor	Esperanto	Norwegian	3158	24404	25138	1011	7890	8037	1594667	15029894	15090752	
epo-oci	Esperanto	Occitan (post 1500)	588	4288	4480	1	8	6	93641	214142	248369	
epo-pol	Esperanto	Polish	2513	14258	12388	5786	32947	28629	527328	3181693	2900262	
epo-por	Esperanto	Portuguese	10809	79331	83066	46093	329403	345038	670272	4343026	4778138	
epo-ron	Esperanto	Romanian	3820	20944	21166	1319	7293	7316	1757517	16836216	18519463	
epo-rus	Esperanto	Russian	11674	73715	66328	45960	291530	260943	486133	2986290	2749515	
epo-slv	Esperanto	Slovenian	302	1800	1598	1	4	3	1280982	13431308	12667081	
epo-spa	Esperanto	Spanish	10735	68332	70472	65096	414554	430104	6339446	76896890	84015828	
epo-swe	Esperanto	Swedish	1757	8960	9082	68	403	392	2197206	21269580	21011058	
epo-tgl	Esperanto	Tagalog	1109	7114	7513	12	98	120	176797	1230363	1413846	
epo-tlh	Esperanto	Klingon	1930	9942	6161	164	734	476	148	2000	1413	
epo-toki	Esperanto	Toki Pona	2733	15238	24821	1295	7392	11554			
epo-tur	Esperanto	Turkish	5000	27672	21298	7650	42285	32526	437421	2448446	2010494	
epo-ukr	Esperanto	Ukrainian	2500	12045	10505	4559	22026	19329	1111500	8711792	7821119	
epo-vie	Esperanto	Vietnamese	1790	11394	15774	2	11	15	175600	2566800	3450750	
epo-vol	Esperanto	Volapük	819	4076	3129	37	174	140			
epo-yid	Esperanto	Yiddish	993	4752	5264	2024	9756	10868	41612	120038	181366	
epo-zho	Esperanto	Chinese	2241	12844	2284	1014	5834	1049	463013	2306220	1565507	
est-rus	Estonian	Russian	613	2932	2875	19	85	86	18651327	167708559	186140915	
eus-jpn	Basque	Japanese	237	786	237				422159	1873510	765574	
eus-rus	Basque	Russian	485	1862	1853				715279	3501078	3899662	
eus-spa	Basque	Spanish	1850	8887	10252	1003	4875	5598	13722778	153951477	205670112	
fas-fra	Persian	French	376	2865	2946	5	28	34	15013068	195855065	191523260	
fin-fin	Finnish	Finnish	1000	3936	3983	349	1416	1460	6186357	26153341	26155468	
fin-fkv	Finnish	Kven Finnish	389	1688	1742	68	277	271			
fin-fra	Finnish	French	1920	7550	10457	1056	4121	5791	73683315	640011373	951650855	
fin-heb	Finnish	Hebrew	212	1045	1114	4	12	12	24661220	136442304	160689780	
fin-hun	Finnish	Hungarian	1297	5060	4988	8	32	30	40976084	340481821	403097033	
fin-ita	Finnish	Italian	1039	4258	5575	1003	4107	5270	45912067	456479982	653674900	
fin-jpn	Finnish	Japanese	9934	47834	9985	10917	52626	10991	8394554	71910209	16132441	
fin-kor	Finnish	Korean	422	1744	1540				5290932	56994491	60116013	
fin-kur	Finnish	Kurdish	259	1179	1551				62615	394179	562620	
fin-lat	Finnish	Latin	294	1131	1102	1	4	4	78725	652724	665430	
fin-nld	Finnish	Dutch	317	1272	1685	4	14	17	50151979	471577087	670525830	
fin-nor	Finnish	Norwegian	2488	10245	12118	1148	4797	5661	23982457	225412179	294625008	
fin-pol	Finnish	Polish	609	2598	2782				45755362	390199346	471039295	
fin-por	Finnish	Portuguese	477	1841	2491	2	7	8	72256117	568048335	821617114	
fin-rus	Finnish	Russian	3643	15057	17017	1009	4264	4736	26020504	191241461	235439685	
fin-spa	Finnish	Spanish	2513	11254	14150	7399	33227	41799	76584113	646568832	954762147	
fin-swe	Finnish	Swedish	2841	12350	15928	7284	31018	39767	53558867	568785849	718156810	
fin-tur	Finnish	Turkish	1796	8366	8001	3	14	15	30273762	180640256	200988437	
fin-zho	Finnish	Chinese	382	1437	386	2	7	2	14045578	80223651	24890553	
fra-fra	French	French	1000	6830	6831	2118	14002	14185	31022622	183600629	183451018	
fra-gcf	French	Guadeloupean Creole French	1164	5281	5092						
fra-hbs	French	Serbo-Croatian	474	2899	2307				85147249	858588314	713069537	
fra-heb	French	Hebrew	3281	22855	16734	1064	7344	5341	45796218	404523669	311718871	
fra-hun	French	Hungarian	2494	14600	10695	4848	28808	20896	83244777	1000790971	782425555	
fra-ido	French	Ido	296	1585	1403	26	132	108	13989	42853	37859	
fra-ile	French	Interlingue	394	2022	1937	8	38	39	2	7	10	
fra-ina	French	Interlingua (International Auxiliary Language Association)	1177	8102	7878	85	433	413	28831	208950	195238	
fra-ita	French	Italian	10091	56984	51206	68868	388076	349312	231333370	3762506547	3516501027	
fra-jbo	French	Lojban	1114	7660	8018	5	19	16	221	697	885	
fra-jpn	French	Japanese	10169	78024	10212	28594	219042	28696	22898818	277274396	43615674	
fra-kab	French	Kabyle	12491	89551	66614	18363	128457	95030	35441	391325	350480	
fra-kor	French	Korean	321	2388	1487	2	19	14	15182595	190699122	138460203	
fra-lat	French	Latin	2915	34140	21259	1133	12793	8015	505344	4125060	3292250	
fra-lfn	French	Lingua Franca Nova	523	4058	4152	121	1180	1221			
fra-msa	French	Malay (macrolanguage)	1003	6923	5657	3	28	24	41191970	491971640	412668086	
fra-nds	French	Low German	857	4862	4730	17	109	102	151235	969079	837321	
fra-nld	French	Dutch	11548	72502	68989	16735	99488	95385	120823312	2045245393	1906554580	
fra-nor	French	Norwegian	477	2775	2574				42348379	622427315	542941365	
fra-oci	French	Occitan (post 1500)	806	5512	5258				1135954	12157900	11565797	
fra-pcd	French	Picard	266	1454	1346				72	1207	847	
fra-pol	French	Polish	3087	21142	16057	1005	7038	5327	101164681	1369308787	1098654567	
fra-por	French	Portuguese	10518	70169	64932	17062	110613	102381	236220480	3409641983	3227170047	
fra-ron	French	Romanian	1925	11557	10054	7	55	53	101594168	1299702741	1226751805	
fra-run	French	Rundi	1274	6533	3737	8	58	35	353295	6164317	5208723	
fra-rus	French	Russian	11490	70402	55533	183050	1130643	891102	108801349	2054545874	1588766267	
fra-slv	French	Slovenian	448	3289	2477				42945228	636779652	511039734	
fra-spa	French	Spanish	10294	73074	66250	40595	288418	260270	432661466	7234738247	7117169125	
fra-swe	French	Swedish	1407	8335	7656	1127	6536	5998	77591133	1267775606	1071497752	
fra-tat	French	Tatar	305	1710	1182				267770	4325293	3104452	
fra-tgl	French	Tagalog	836	5252	4815				3423526	47846739	49926400	
fra-tlh	French	Klingon	620	3491	1929	15	71	50	146	2387	1423	
fra-toki	French	Toki Pona	562	3492	4688	26	252	347			
fra-tur	French	Turkish	2582	17243	11296	6718	44718	29730	58533150	555469885	410075975	
fra-uig	French	Uighur	694	4006	2733				14586	199134	189063	
fra-ukr	French	Ukrainian	10035	54386	42350	18252	98832	77031	11611752	165066493	129221587	
fra-vie	French	Vietnamese	1299	10127	11608	8	74	95	23484571	353749259	435519579	
fra-yid	French	Yiddish	384	2087	1952	61	330	325	22350	90521	590377	
fra-zho	French	Chinese	9994	74983	10126	7558	56608	7654	57926170	1187038987	99108179	
fry-nld	Western Frisian	Dutch	260	1530	1529	8	28	28	293960	2541898	2578755	
gcf-gcf	Guadeloupean Creole French	Guadeloupean Creole French	233	990	1004						
gla-spa	Scottish Gaelic	Spanish	289	1710	1293				47414	251585	229320	
glg-por	Galician	Portuguese	433	2521	2610	3	13	17	10326178	100518983	101680443	
glg-spa	Galician	Spanish	2121	13967	14832	1012	6579	7048	52632730	658320619	684511681	
gos-nld	Gronings	Dutch	1852	7493	7848	427	1989	2090			
grn-por	Guarani	Portuguese	224	968	1433	74	300	454	194025	2012731	2739823	
grn-spa	Guarani	Spanish	659	2579	3462	130	605	864	175067	1917567	2624532	
hbs-ita	Serbo-Croatian	Italian	534	2421	2590				61656215	488204122	557221751	
hbs-jpn	Serbo-Croatian	Japanese	400	2064	403				10932369	98344385	20680851	
hbs-nor	Serbo-Croatian	Norwegian	5000	35094	37303	6149	41774	44434	27599589	247352493	263971895	
hbs-pol	Serbo-Croatian	Polish	417	2154	2084				86028120	652529451	616635837	
hbs-rus	Serbo-Croatian	Russian	2500	11899	11196	4177	19819	18782	59206165	472030890	467668282	
hbs-spa	Serbo-Croatian	Spanish	607	2769	3034	2	6	5	94876911	699353549	808018008	
hbs-ukr	Serbo-Croatian	Ukrainian	942	4007	3788	7	19	24	11236257	115096928	109484916	
hbs-zho	Serbo-Croatian	Chinese	236	1095	240				30682886	199087950	51382074	
heb-heb	Hebrew	Hebrew	1000	4780	4795	732	3545	3534	27106602	125929914	125959959	
heb-hun	Hebrew	Hungarian	417	1819	1743	11	32	34	31509647	196883354	196506791	
heb-ina	Hebrew	Interlingua (International Auxiliary Language Association)	217	998	1281	41	165	235	22035	104315	124205	
heb-ita	Hebrew	Italian	1706	7860	9538	30	123	149	21327922	135043981	163243807	
heb-jpn	Hebrew	Japanese	241	1269	241	4	14	4	11189194	80472590	19710332	
heb-lad	Hebrew	Ladino	218	856	1067	41	135	164			
heb-lat	Hebrew	Latin	271	1182	1244	58	257	265	170335	929049	1126635	
heb-lfn	Hebrew	Lingua Franca Nova	280	1119	1571	72	297	399			
heb-nld	Hebrew	Dutch	2500	12843	17574	4357	22507	30976	32771321	217970543	264927529	
heb-pol	Hebrew	Polish	5000	24308	25221	7757	37976	39215	35274514	226112308	226974130	
heb-por	Hebrew	Portuguese	719	3565	4480	24	74	101	61463570	381334764	453010224	
heb-rus	Hebrew	Russian	2500	12032	13133	3568	16975	18365	26109586	174579045	186734915	
heb-spa	Hebrew	Spanish	1849	9848	11972	1077	5583	6779	50478131	342020548	425561944	
heb-tur	Hebrew	Turkish	1377	5977	5429	30	99	86	34308349	210646602	197371584	
heb-ukr	Hebrew	Ukrainian	966	3753	4062	10	39	40	3464693	33317859	34192982	
heb-yid	Hebrew	Yiddish	901	3761	5245	196	814	1051	30852	120426	637610	
heb-zho	Hebrew	Chinese	709	2841	719	5	19	5	15832590	95365901	27878821	
hin-urd	Hindi	Urdu	240	1517	1596	2	6	6	1743382	31226474	32667321	
hin-zho	Hindi	Chinese	324	2460	325	1	5	1	3253101	37347790	6384506	
hsb-slv	Upper Sorbian	Slovenian	743	2256	2310				40103	261746	268481	
hun-hun	Hungarian	Hungarian	1064	5360	5629				20053026	93678891	93672174	
hun-ita	Hungarian	Italian	5000	20596	25417	7159	29251	36423	53544788	551961847	668114665	
hun-jpn	Hungarian	Japanese	2499	15094	2506	3660	21906	3675	9245122	83299378	18516287	
hun-kor	Hungarian	Korean	271	1276	1122				5989312	64186182	58884734	
hun-lat	Hungarian	Latin	607	2712	2505	16	54	52	82524	707939	674990	
hun-nld	Hungarian	Dutch	1629	7220	9297	35	122	189	52573654	514011635	618281350	
hun-pol	Hungarian	Polish	1934	8835	9345	15	53	52	59572847	562266403	573822821	
hun-por	Hungarian	Portuguese	2500	10987	13716	3517	15635	19450	88148731	717697608	869259127	
hun-rus	Hungarian	Russian	2687	12661	13781	6098	28242	30759	34839281	287239779	299759562	
hun-spa	Hungarian	Spanish	2500	11415	13855	4194	19211	23580	88624314	789700321	991148146	
hun-swe	Hungarian	Swedish	1614	7474	9348	525	2286	2836	36082251	398925897	432288684	
hun-tur	Hungarian	Turkish	1002	3983	3803	10	42	36	41149669	271650063	255411049	
hun-ukr	Hungarian	Ukrainian	473	1889	2030	3	6	9	6090583	65481287	65542316	
hun-zho	Hungarian	Chinese	434	2014	435	1	4	1	16371663	108154356	29306904	
hye-rus	Armenian	Russian	227	1315	1293				812921	13736120	13039008	
ido-ina	Ido	Interlingua (International Auxiliary Language Association)	316	1310	1434	52	228	253	3911	9368	10851	
ido-ita	Ido	Italian	1460	8272	8216	39	172	172	14883	40859	43506	
ido-lfn	Ido	Lingua Franca Nova	348	1475	1739	55	231	261			
ido-spa	Ido	Spanish	499	2664	2689	15	62	76	17861	48935	58161	
ido-yid	Ido	Yiddish	426	1814	2048	58	265	307	5327	15238	15893	
ina-ita	Interlingua (International Auxiliary Language Association)	Italian	912	6249	5689	11	51	47	28743	210011	209630	
ina-lad	Interlingua (International Auxiliary Language Association)	Ladino	320	1524	1436	46	215	186			
ina-lat	Interlingua (International Auxiliary Language Association)	Latin	912	5529	3970	70	328	245	163	417	329	
ina-lfn	Interlingua (International Auxiliary Language Association)	Lingua Franca Nova	769	3768	3951	122	614	624			
ina-nld	Interlingua (International Auxiliary Language Association)	Dutch	1033	6837	6931	19	83	78	27558	204950	189112	
ina-por	Interlingua (International Auxiliary Language Association)	Portuguese	2537	21168	20404	7080	60561	57869	58342	406459	405909	
ina-rus	Interlingua (International Auxiliary Language Association)	Russian	1453	11568	8627	39	189	129	20455	171999	147058	
ina-spa	Interlingua (International Auxiliary Language Association)	Spanish	1613	13112	12448	109	591	571	25820	181518	187004	
ina-tlh	Interlingua (International Auxiliary Language Association)	Klingon	216	871	536	34	146	97	5	10	6	
ina-tur	Interlingua (International Auxiliary Language Association)	Turkish	317	1528	1074	13	69	45	27897	170194	133183	
ina-yid	Interlingua (International Auxiliary Language Association)	Yiddish	788	3847	3910	120	633	661	3699	7055	8664	
isl-ita	Icelandic	Italian	236	1205	1187				3421479	41849498	45291823	
isl-jpn	Icelandic	Japanese	251	1303	252				965215	13988811	2230919	
isl-spa	Icelandic	Spanish	238	968	970				4407442	50240546	56301739	
ita-ita	Italian	Italian	1000	5982	6272	350	2100	2210	34550078	214111819	214120224	
ita-jpn	Italian	Japanese	2660	18204	2678	1005	6977	1006	16282820	192497378	32609912	
ita-lat	Italian	Latin	1716	10233	7904	21	94	72	296684	2513470	2129711	
ita-lit	Italian	Lithuanian	224	1249	1043				21783427	376748766	292942229	
ita-msa	Italian	Malay (macrolanguage)	426	2272	2279				24858158	327028961	291154047	
ita-nds	Italian	Low German	313	1630	1779				215733	1109729	1013649	
ita-nld	Italian	Dutch	2578	12971	13835	6940	35161	37623	89569959	1398843249	1392913160	
ita-nor	Italian	Norwegian	939	7992	7736	11	83	75	32063415	455983827	425265486	
ita-pms	Italian	Piemontese	232	1443	1649				87	1442	1883	
ita-pol	Italian	Polish	1294	7091	6069	1002	5586	4754	63922556	794114064	676395838	
ita-por	Italian	Portuguese	3066	20955	21640	6371	39084	40341	160983108	2210370623	2231650314	
ita-ron	Italian	Romanian	1005	5194	5055	8	41	39	67043699	807002058	811325921	
ita-rus	Italian	Russian	10045	60049	52669	66133	395533	346979	45793091	518991143	444831104	
ita-spa	Italian	Spanish	5000	28907	29307	9247	53564	54151	234944470	3559510190	3765657631	
ita-swe	Italian	Swedish	715	3923	4058	16	62	77	55658265	883125930	797488530	
ita-toki	Italian	Toki Pona	200	1107	1780	16	179	230			
ita-tur	Italian	Turkish	10000	69343	39177	5703	39072	22248	41846022	422097759	326929555	
ita-ukr	Italian	Ukrainian	5000	22560	19716	8775	39235	34604	6367168	74076732	61564579	
ita-vie	Italian	Vietnamese	250	1496	1877				15543964	226073050	297442898	
ita-yid	Italian	Yiddish	206	888	971	37	179	205	55560	271700	756502	
ita-zho	Italian	Chinese	2943	16302	3006	1004	5764	1015	20214003	225028323	38104274	
jbo-jpn	Lojban	Japanese	921	5735	926				328	895	387	
jbo-rus	Lojban	Russian	1199	7959	5456	8	35	23	371	1006	732	
jbo-spa	Lojban	Spanish	1507	9686	7787	7	28	27	78	401	282	
jbo-swe	Lojban	Swedish	242	1241	1094				327	843	615	
jbo-zho	Lojban	Chinese	518	3020	524	23	137	25	759	1971	970	
jpn-jpn	Japanese	Japanese	584	590	625				160458	237636	237220	
jpn-kor	Japanese	Korean	622	624	2599	3	3	12	11991800	27851998	119054218	
jpn-lit	Japanese	Lithuanian	246	247	1105				4908812	9210359	43052304	
jpn-mar	Japanese	Marathi	340	340	1575				570782	1337067	8021597	
jpn-msa	Japanese	Malay (macrolanguage)	2616	2623	13918	1060	1079	5647	15638976	28233133	136816559	
jpn-nds	Japanese	Low German	406	410	2320	53	53	345	105490	172305	556456	
jpn-nld	Japanese	Dutch	3430	3462	21806	1057	1068	6602	18652849	34202814	200095734	
jpn-nor	Japanese	Norwegian	1047	1057	7244	15	15	116	7341127	13889255	87555223	
jpn-pol	Japanese	Polish	9999	10011	56903	14809	14826	84725	17723193	32312631	154477337	
jpn-por	Japanese	Portuguese	1940	1962	13110	1133	1142	7667	18955445	37657001	212778838	
jpn-rus	Japanese	Russian	10142	10196	57425	15675	15830	88723	17761727	36130907	173619863	
jpn-spa	Japanese	Spanish	10742	10781	70177	23420	23489	154005	23630883	44259049	278008493	
jpn-swe	Japanese	Swedish	896	906	5781	5	5	29	13928449	21007857	126437994	
jpn-tlh	Japanese	Klingon	674	682	2609				132	378	1421	
jpn-toki	Japanese	Toki Pona	242	242	1711	2	2	13			
jpn-tur	Japanese	Turkish	811	823	3821	4	4	19	18727012	33971648	138790875	
jpn-ukr	Japanese	Ukrainian	457	457	2151	21	21	91	4579311	9596156	46364854	
jpn-vie	Japanese	Vietnamese	1097	1105	9472	585	588	5584	7050251	15295944	107382212	
jpn-zho	Japanese	Chinese	2497	2520	2535	2894	2911	2930	14128610	26163031	26308811	
kab-kab	Kabyle	Kabyle	993	6073	6198	309	1563	1622			
kab-rus	Kabyle	Russian	423	2103	2171				33335	327240	284694	
kab-spa	Kabyle	Spanish	883	4852	5690	8	58	69	30421	313381	332773	
kat-rus	Georgian	Russian	642	3008	3211	6	27	30	1003339	15067663	15957243	
kaz-rus	Kazakh	Russian	1400	11159	12148	1016	7906	8637	595629	6035741	6696910	
khm-spa	Khmer	Spanish	1448	2985	6919				363473	1917273	6712220	
kor-rus	Korean	Russian	221	884	1103				11518705	96726012	105797239	
kor-spa	Korean	Spanish	940	3964	5678	1	3	4	15861123	143560714	193814995	
kor-zho	Korean	Chinese	411	1785	422				7031075	53617647	17274368	
kzj-msa	Coastal Kadazan	Malay (macrolanguage)	370	3340	2916						
lad-lat	Ladino	Latin	214	904	726	33	133	110			
lad-lfn	Ladino	Lingua Franca Nova	335	1406	1503	68	283	295			
lad-spa	Ladino	Spanish	276	1167	1151	25	119	109	10	383	402	
lad-yid	Ladino	Yiddish	604	2590	2806	84	390	387			
lat-lat	Latin	Latin	235	1157	1162						
lat-lfn	Latin	Lingua Franca Nova	348	1150	1595	71	255	353			
lat-nld	Latin	Dutch	366	1458	1993	9	35	40	92082	746063	1009764	
lat-nor	Latin	Norwegian	333	1388	1838				73597	646783	826109	
lat-pol	Latin	Polish	915	3630	3864				96701	789155	847163	
lat-por	Latin	Portuguese	5001	39152	53489	8304	64979	88937	298788	2123787	2520115	
lat-rus	Latin	Russian	1041	4728	4920	1035	4803	4976	91669	761064	785894	
lat-spa	Latin	Spanish	3129	22360	28359	1068	7410	9310	530920	3707822	4475984	
lat-tlh	Latin	Klingon	233	800	663	30	104	92	16	24	18	
lat-ukr	Latin	Ukrainian	382	1435	1548	8	25	26	57444	271134	249772	
lat-yid	Latin	Yiddish	458	1677	2278	78	281	385	10750	23231	92951	
lav-rus	Latvian	Russian	274	1175	1190				12923057	173693690	153901692	
lfn-por	Lingua Franca Nova	Portuguese	1945	22959	21512	997	10325	9419			
lfn-rus	Lingua Franca Nova	Russian	225	1538	1124	26	212	164			
lfn-spa	Lingua Franca Nova	Spanish	264	1519	1403	46	370	347			
lfn-yid	Lingua Franca Nova	Yiddish	993	4924	4898	244	1317	1280			
lit-pol	Lithuanian	Polish	1787	8044	8474				23786757	307173732	336661018	
lit-rus	Lithuanian	Russian	3598	16217	17380	5230	23786	25499	18115912	199902420	215764447	
lit-spa	Lithuanian	Spanish	454	1824	2247	1	4	5	37797104	406732378	550681933	
lit-tur	Lithuanian	Turkish	1472	6538	6006				11214365	91087492	89202309	
ltz-nld	Luxembourgish	Dutch	292	1313	1346	16	76	73	595456	4411632	4701615	
mkd-spa	Macedonian	Spanish	217	844	891	3	17	22	9309474	101498598	110756595	
msa-msa	Malay (macrolanguage)	Malay (macrolanguage)	958	5395	5396	16	106	106	26590210	256603487	256231732	
msa-spa	Malay (macrolanguage)	Spanish	232	1149	1174				56886826	601723639	699837940	
msa-zho	Malay (macrolanguage)	Chinese	372	2320	399	8	42	8	16343358	139876626	27933996	
nds-nld	Low German	Dutch	1657	9727	9636	1013	5834	5786	245774	1248103	1243582	
nds-por	Low German	Portuguese	207	1051	1011				266802	1428316	1637675	
nds-rus	Low German	Russian	925	5213	4338	36	212	182	129512	646171	574404	
nds-spa	Low German	Spanish	923	4883	4521				159019	872585	996202	
nld-nld	Dutch	Dutch	1000	5963	6063	1031	5857	5900	35210723	212993253	213022413	
nld-nor	Dutch	Norwegian	203	1271	1207	1	5	5	35533677	476551694	447919672	
nld-pol	Dutch	Polish	1193	7250	5634	1006	6068	4699	80521905	934811832	807105600	
nld-por	Dutch	Portuguese	2500	14927	14374	4882	29710	28395	116758221	1466954728	1495165247	
nld-ron	Dutch	Romanian	2269	14034	12733	1048	6316	5702	53291318	606995615	618120820	
nld-rus	Dutch	Russian	2550	15723	12687	6526	39630	31998	48300917	498902409	437573614	
nld-spa	Dutch	Spanish	10113	67398	63277	18068	119675	112437	124489314	1808521045	1928485736	
nld-toki	Dutch	Toki Pona	668	2982	4278	5	25	46			
nld-tur	Dutch	Turkish	2500	15418	10624	3880	23964	16439	51207660	440019115	347629772	
nld-ukr	Dutch	Ukrainian	10000	49138	40087	5065	24919	20299	6836455	91720669	76470245	
nld-zho	Dutch	Chinese	1654	11535	1890	56	282	56	19621838	185297678	35913682	
nor-nor	Norwegian	Norwegian	982	5532	5519	272	1706	1734	1504286	8857669	8854546	
nor-pol	Norwegian	Polish	281	1733	1470				22912084	246631841	226235145	
nor-por	Norwegian	Portuguese	481	3472	3614	3	20	23	40056683	466275735	502568984	
nor-rus	Norwegian	Russian	1279	10091	8763	1	4	4	13388553	116116814	106078363	
nor-spa	Norwegian	Spanish	960	6144	6228	6	32	32	48733384	621857085	702776054	
nor-swe	Norwegian	Swedish	566	3097	3091	4	24	25	43150787	566105714	556421137	
nor-ukr	Norwegian	Ukrainian	670	3669	3189				5357328	71777482	62745135	
nor-zho	Norwegian	Chinese	201	1351	201				8971831	76615714	15758968	
orv-ukr	Old Russian	Ukrainian	973	3992	4224						
ota-tur	Ottoman Turkish (1500-1928)	Turkish	307	1627	1412	24	134	117			
pol-por	Polish	Portuguese	705	3448	4229				121613981	1090895278	1292246452	
pol-rus	Polish	Russian	3543	17118	17565	1015	4985	5120	61733651	550432141	558863764	
pol-spa	Polish	Spanish	2544	12738	15163	5075	25773	30627	109213032	1123392187	1382806456	
pol-swe	Polish	Swedish	1392	6510	7798	11	30	43	58775791	626992650	660752439	
pol-tur	Polish	Turkish	892	4379	3900				54918111	385748655	359041398	
pol-ukr	Polish	Ukrainian	2519	10308	10554	6898	27996	28750	10070070	117241296	116638442	
pol-zho	Polish	Chinese	1004	5429	1012	2	11	2	19688440	149252961	36327453	
por-por	Portuguese	Portuguese	2500	16799	16318	4668	31041	30052	295005671	1639705735	1639565010	
por-ron	Portuguese	Romanian	681	3766	3687	31	161	150	100215551	1009753395	1023910850	
por-rus	Portuguese	Russian	10000	62618	52174	10050	65095	54016	73050883	859083367	741069023	
por-spa	Portuguese	Spanish	10947	74023	73888	56853	373767	373214	333782720	4835826851	5051391763	
por-swe	Portuguese	Swedish	320	1677	1599	13	77	68	81841206	1016027441	914331101	
por-tgl	Portuguese	Tagalog	1777	10677	11473	2	12	12	2382839	32370743	35680768	
por-toki	Portuguese	Toki Pona	1719	11414	16030	485	4220	6238			
por-tur	Portuguese	Turkish	1794	9860	7254	9	49	33	91166415	719380015	564464165	
por-ukr	Portuguese	Ukrainian	3372	17495	14867	1025	5450	4622	9373491	131484087	109336097	
por-zho	Portuguese	Chinese	1033	5829	1047	3	19	3	37752011	361191267	67633090	
ron-rus	Romanian	Russian	782	3862	3500	7	28	24	22601817	185196822	161763823	
ron-spa	Romanian	Spanish	1959	10242	10415	4	32	33	110068108	1254654983	1299641828	
ron-tur	Romanian	Turkish	2460	15909	11072	1010	6468	4443	43254953	349732336	265546760	
run-rus	Rundi	Russian	1251	3721	5103	9	30	41	358047	5113877	4543364	
run-spa	Rundi	Spanish	963	2857	4132	2	7	9	358514	5189021	5984148	
rus-rus	Russian	Russian	2500	13312	13464	1406	7789	7953	3698653	33317391	29023134	
rus-sah	Russian	Yakut	994	5075	3851				6555	88082	71032	
rus-slv	Russian	Slovenian	657	3154	3088	45	223	209	25884431	220917498	221922159	
rus-spa	Russian	Spanish	10506	55455	63291	86903	462151	526898	117477558	1696094783	2129380520	
rus-swe	Russian	Swedish	1282	6049	7022	52	246	291	32070553	281937134	297116709	
rus-tat	Russian	Tatar	2138	18367	17042	1005	8239	7642	357889	5603591	4708101	
rus-tlh	Russian	Klingon	254	1027	730	6	22	18	134	2120	1311	
rus-toki	Russian	Toki Pona	900	4228	6618	20	135	215			
rus-tur	Russian	Turkish	5000	26641	22885	6257	34066	29060	36690600	329076260	316161321	
rus-uig	Russian	Uighur	535	2688	2300				52178	2024871	1141781	
rus-ukr	Russian	Ukrainian	10000	47786	47628	7427	36060	35936	33899654	473887815	469546128	
rus-vie	Russian	Vietnamese	313	1740	2192	1	12	17	15233193	177326722	270908825	
rus-xal	Russian	Kalmyk	209	1076	1013				26	47	42	
rus-zho	Russian	Chinese	2500	13724	2526	4844	26485	4943	46782394	740217931	80393952	
slv-ukr	Slovenian	Ukrainian	915	3183	3239	49	203	204	6741900	66902396	62645964	
slv-zho	Slovenian	Chinese	825	3878	828				11534402	75891114	19642908	
spa-spa	Spanish	Spanish	2500	18308	18372	2566	18859	18979	88064723	485068969	485011183	
spa-swe	Spanish	Swedish	1351	6783	6919	204	1070	1156	79447560	1120140552	960711678	
spa-tat	Spanish	Tatar	441	1957	1498	4	98	64	267907	4153209	3042085	
spa-tgl	Spanish	Tagalog	631	3628	3713	15	96	93	2543036	36173627	37998096	
spa-tlh	Spanish	Klingon	325	1531	994	10	43	31	151	2531	1441	
spa-toki	Spanish	Toki Pona	640	2951	4458	31	307	386			
spa-tur	Spanish	Turkish	10615	57654	44042	18213	97772	74811	67971005	602737397	458086521	
spa-ukr	Spanish	Ukrainian	10115	48409	42737	12969	62803	55076	12819049	187864606	149254741	
spa-vie	Spanish	Vietnamese	594	3156	4017	8	33	31	41113753	510567868	635879561	
spa-yid	Spanish	Yiddish	407	1990	2119	43	247	266	25718	99815	565496	
spa-zho	Spanish	Chinese	2705	14566	2738	6922	38228	7013	63850602	1240418315	107260179	
swe-swe	Swedish	Swedish	1022	5574	5765				6434320	36171441	36152817	
swe-tur	Swedish	Turkish	203	1117	778	6	25	19	35260202	291752179	249099340	
swe-zho	Swedish	Chinese	1049	5107	1051	2	17	2	15036092	128433213	27570792	
tat-tur	Tatar	Turkish	521	2268	2149	2	9	9	333474	4326774	3946983	
tat-vie	Tatar	Vietnamese	284	1419	1976				233749	2759005	4642111	
tlh-yid	Klingon	Yiddish	289	836	1308	49	151	233	3	3	4	
tlh-zho	Klingon	Chinese	448	1477	461	1	4	1	134	832	286	
tur-tur	Turkish	Turkish	2500	10426	10418	1187	5023	5056	56734692	252520393	252305715	
tur-uig	Turkish	Uighur	1400	6421	6252	1011	4648	4577	59614	1053090	1309435	
tur-ukr	Turkish	Ukrainian	2520	9096	10159	6722	23932	27061	5628900	45860925	48805804	
tur-uzb	Turkish	Uzbek	208	736	746	15	63	57	462052	4055106	4112632	
tur-zho	Turkish	Chinese	986	3700	991	9	31	9	20798951	133617630	37591128	
uig-zho	Uighur	Chinese	1929	8649	1980				20590	267177	29833	
ukr-ukr	Ukrainian	Ukrainian	824	3318	3262				33863	181814	181949	
ukr-zho	Ukrainian	Chinese	1575	7198	1589	1	4	1	3910208	31571930	7465763	
vie-vie	Vietnamese	Vietnamese	542	5506	5672				200801	1395527	1380473	
vie-zho	Vietnamese	Chinese	440	4108	454	4	32	4	11160560	172908725	20150526	
yid-yid	Yiddish	Yiddish	292	1480	1489						
zho-zho	Chinese	Chinese	3114	3147	3217	5810	5860	5861	17413844	25512507	25518720	
